1.01
1.58
0.888
1.02
2.13
0.011
0.0
3.56
8.42
5.71
5.55
8.15
7.26
5.52
3.1
7.07
6.04
6.71
4.25
2.17
1.74
2.61
0.152
0.0
0.0
6.53
11.9
16.4
12.2
10.8
10.9
8.94
9.0
11.0
9.17
11.5
9.68
7.57
9.77
8.35
11.8
11.2
6.47
8.62
3.55
5.55
5.28
5.55
5.25
4.7
5.23
8.2
8.38
12.4
12.9
15.7
9.81
10.6
6.42
6.87
6.2
7.78
8.98
10.3
8.39
10.4
8.71
6.04
5.59
10.4
8.65
9.15
10.2
9.45
7.51
5.62
9.66
11.4
10.6
16.2
10.6
2.85
3.55
3.73
4.58
4.44
7.79
6.24
10.0
12.0
12.1
6.47
8.26
5.82
9.66
10.6
7.86
8.33
10.9
11.7
16.8
10.5
9.8
8.56
13.1
10.7
11.0
14.3
11.1
13.2
9.25
10.5
8.11
6.74
8.07
7.37
9.48
10.9
10.2
7.0
10.7
8.87
8.86
7.48
5.86
7.71
6.48
8.97
5.37
4.28
4.53
4.37
4.96
2.56
0.899
0.91
0.747
0.661
1.09
1.23
0.693
0.932
1.71
2.36
4.51
7.6
6.25
9.26
4.65
6.51
8.2
5.15
5.94
4.61
7.79
3.24
8.97
0.932
2.85
3.88
4.19
4.14
6.78
8.1
7.43
9.1
12.1
10.2
8.36
9.55
7.53
5.71
7.13
7.4
12.0
8.87
8.3
7.65
11.6
8.98
6.48
9.88
8.3
9.07
10.8
10.5
8.61
10.9
10.1
10.0
6.8
10.2
8.9
9.19
12.4
12.9
5.1
11.5
11.3
13.0
12.3
11.4
9.88
11.9
11.1
12.1
3.31
0.433
0.0
0.0
0.0
0.0
0.0
0.0
0.0
0.0
3.29
8.21
7.26
8.45
8.38
11.3
9.5
10.2
9.4
11.9
11.1
9.65
10.7
11.2
9.72
12.0
12.2
19.9
14.2
18.2
13.5
15.1
10.6
11.7
13.9
13.9
9.82
10.3
11.4
11.4
18.1
13.2
13.7
13.8
11.1
9.27
10.3
10.7
9.79
10.1
10.4
9.33
8.76
9.27
9.53
10.4
10.5
7.2
9.76
8.14
7.14
6.2
4.51
6.58
5.52
6.43
6.87
8.32
11.1
12.7
11.9
14.0
11.8
11.2
12.6
11.5
12.1
9.26
9.99
15.2
14.5
10.2
9.25
11.9
8.77
12.8
8.23
6.27
9.53
7.6
6.23
7.85
6.56
5.47
7.92
6.43
6.7
4.95
8.01
5.94
6.88
7.74
7.92
5.1
7.15
5.88
5.41
4.99
8.3
7.45
7.93
7.82
8.88
7.51
7.63
7.14
9.8
7.57
7.02
7.24
8.84
5.52
5.54
3.04
2.25
2.49
2.81
2.52
3.36
4.87
7.82
10.9
7.28
8.27
10.4
10.0
12.3
10.4
9.49
9.78
7.85
7.7
9.01
8.05
9.03
8.68
9.91
11.9
11.7
17.5
13.1
9.51
10.0
10.2
7.37
9.47
8.86
8.04
9.22
6.69
8.73
10.9
14.0
10.1
9.84
10.5
8.95
9.68
9.87
7.84
9.86
11.3
11.7
10.9
11.5
12.1
12.2
12.7
10.7
8.98
11.3
8.13
8.95
7.26
7.0
5.09
4.79
7.31
6.49
6.26
8.56
6.81
8.18
6.13
6.42
5.08
7.59
8.31
8.71
8.94
7.57
9.28
11.6
11.5
14.4
15.9
10.2
13.6
9.79
10.6
7.91
7.33
9.13
7.94
9.48
9.33
8.2
8.63
4.79
4.94
2.45
4.44
3.4
3.46
4.04
5.33
0.888
4.16
7.96
2.44
5.29
3.53
8.89
8.45
8.5
11.7
10.1
5.87
5.24
5.6
6.31
3.86
4.82
5.57
5.06
6.34
7.33
5.28
8.9
9.13
10.2
8.34
11.0
11.3
13.6
10.1
11.0
14.7
14.2
13.5
12.2
11.5
10.1
13.0
9.61
7.51
6.08
9.85
8.02
7.66
9.27
9.79
11.0
10.4
10.1
13.6
12.6
13.1
13.1
13.5
10.2
13.5
14.3
7.85
10.4
11.2
11.2
9.8
11.4
12.6
11.4
10.2
11.9
11.4
10.2
10.1
10.8
7.16
8.61
11.1
7.32
7.9
5.67
3.85
5.54
5.69
4.77
6.96
7.42
9.14
13.8
8.42
8.96
12.5
14.3
9.95
7.54
4.32
9.45
12.5
7.93
5.64
7.01
4.99
6.67
4.42
6.83
6.42
6.42
6.09
7.83
7.17
10.6
7.78
13.0
10.0
12.3
12.6
12.8
10.4
11.9
12.9
12.0
7.7
10.7
17.4
14.4
10.6
5.68
2.58
11.1
4.5
1.93
7.25
4.91
3.27
2.91
2.69
2.43
2.51
2.62
3.0
2.5
0.0
0.043
0.0
6.72
2.1
3.34
2.83
3.24
2.77
3.38
2.56
3.96
4.53
3.3
2.7
2.52
2.71
2.99
2.61
2.35
2.46
2.21
2.9
2.94
3.11
3.04
3.62
3.39
3.77
4.07
4.87
6.35
5.9
6.09
6.34
6.11
8.22
9.72
7.97
9.44
5.95
6.69
6.94
4.98
8.56
6.0
6.39
4.38
6.93
6.37
3.04
2.37
1.02
3.56
2.23
4.24
9.69
9.36
5.89
6.96
9.99
3.66
0.542
2.97
4.56
3.99
6.03
7.59
5.24
6.41
7.63
8.04
3.9
2.98
6.75
4.06
4.04
2.96
5.0
5.23
5.15
4.94
4.2
5.42
6.67
4.81
5.03
3.5
5.37
5.19
6.92
6.07
6.43
6.69
1.18
4.14
4.01
6.43
3.92
5.61
7.02
6.87
7.43
5.08
5.08
6.35
5.23
5.27
5.67
7.26
7.2
6.34
6.72
6.39
7.47
6.79
7.66
6.76
0.108
8.24
2.81
6.12
5.68
5.38
4.7
5.46
6.67
6.93
5.17
5.61
5.97
8.08
6.37
7.22
6.14
6.53
5.16
6.59
6.09
7.52
6.7
9.12
8.19
7.91
7.57
7.92
8.88
6.91
6.45
7.19
6.7
7.19
7.69
7.66
3.1
10.7
8.77
8.41
8.68
5.99
9.86
6.07
4.81
5.89
7.04
8.31
6.51
4.59
5.29
3.96
5.1
5.42
0.617
0.043
3.61
1.99
2.48
2.32
2.42
2.65
2.4
2.74
2.74
2.65
2.48
2.85
3.03
1.9
2.89
2.71
2.6
2.78
3.04
2.81
2.68
1.6
3.0
1.56
1.4
0.661
0.455
0.975
1.43
4.68
5.39
4.63
4.18
4.11
5.65
4.5
4.37
7.62
10.6
15.4
14.2
10.2
9.34
11.4
9.06
13.0
9.92
9.82
11.9
7.78
11.6
13.3
8.39
8.52
11.0
9.36
13.4
11.1
10.6
13.5
10.9
11.8
13.8
15.6
15.9
13.7
11.8
8.24
4.46
4.2
4.04
1.84
5.22
4.97
5.89
4.7
6.23
6.19
7.37
5.85
5.9
4.85
4.25
12.3
12.5
11.9
9.82
9.49
8.93
9.47
8.09
7.88
9.87
7.78
6.38
8.19
7.27
8.84
4.82
9.84
8.28
8.6
8.25
4.79
5.83
10.8
8.97
8.74
7.7
8.61
7.93
10.4
11.7
8.65
6.47
10.3
8.54
8.87
10.3
12.0
10.8
9.79
11.3
9.07
8.48
10.2
7.94
6.09
9.63
13.7
9.54
11.0
12.0
11.0
9.02
11.7
10.3
11.4
7.96
10.6
11.4
13.6
10.3
12.9
7.91
9.53
7.96
10.2
11.3
12.3
11.8
13.3
9.39
11.8
8.2
8.93
4.71
7.53
6.15
5.97
7.92
10.9
8.09
10.0
9.88
11.1
8.93
12.8
13.6
12.5
12.3
11.1
5.94
9.14
8.37
11.8
10.4
11.3
5.49
8.05
0.0
0.0
3.26
7.31
10.9
8.02
6.32
9.0
9.76
9.73
7.95
12.6
9.09
8.67
10.5
15.3
13.8
12.5
12.8
9.67
4.98
8.45
8.2
10.6
0.802
5.99
2.59
3.35
2.86
2.4
3.68
5.37
10.4
9.08
8.39
8.6
8.93
6.53
5.86
6.03
7.06
6.43
7.57
8.67
8.31
8.52
9.26
12.9
10.9
11.6
10.7
13.0
10.2
11.1
11.6
13.1
12.6
12.2
13.0
11.8
14.7
12.6
10.2
12.7
10.4
12.3
11.1
11.9
12.1
10.1
10.2
8.23
9.84
11.9
6.55
0.411
0.0
4.72
7.34
7.78
7.07
6.4
7.54
7.84
7.02
6.95
7.68
7.08
6.92
5.93
9.42
10.5
7.24
10.7
7.06
10.3
8.41
8.41
9.03
10.5
8.28
3.33
0.0
8.66
9.42
7.91
10.1
10.0
10.4
11.4
10.6
13.1
12.5
9.42
10.0
7.1
8.08
10.2
7.76
8.57
8.41
6.47
6.82
9.29
8.18
7.37
7.69
12.0
6.99
8.83
7.85
6.96
7.34
6.69
4.78
7.68
8.23
7.83
10.3
11.2
11.9
14.2
16.8
16.1
17.0
13.6
9.56
11.2
9.33
12.3
9.29
11.0
10.4
12.1
12.8
11.4
10.8
10.9
13.0
8.58
10.8
10.7
9.04
5.18
4.31
9.74
1.05
6.39
3.47
2.4
5.52
10.2
11.4
5.98
5.68
4.02
2.71
2.46
2.27
2.61
3.37
1.08
3.13
2.31
4.92
1.76
3.33
0.791
2.03
6.99
2.69
8.5
8.37
4.95
7.79
7.79
6.79
3.55
9.11
8.36
8.08
10.3
11.5
13.4
13.7
17.1
16.6
12.0
14.4
13.7
13.1
7.05
9.15
9.21
9.69
9.98
9.14
8.97
9.15
12.1
14.3
14.5
12.4
12.8
11.2
14.0
13.3
14.3
14.0
9.34
13.5
13.4
13.4
14.5
11.1
8.38
11.8
9.38
8.58
8.86
8.39
5.69
9.33
10.0
8.83
10.3
9.42
7.71
7.95
10.9
10.6
11.2
15.7
16.2
12.4
8.7
9.4
8.87
5.7
10.2
7.59
3.82
4.03
14.1
13.7
8.21
9.62
14.4
12.7
13.5
11.0
14.6
11.2
7.51
9.13
12.2
9.92
9.46
13.9
14.1
14.0
9.33
9.39
11.7
11.5
10.1
12.9
14.0
9.77
10.6
11.2
10.5
14.0
12.4
11.2
11.2
7.63
5.95
6.84
5.59
3.14
5.28
6.26
5.82
8.5
6.75
5.44
8.07
7.07
8.0
6.17
4.64
4.06
1.94
2.57
2.13
3.3
0.0
0.098
0.0
0.0
0.065
0.0
0.0
0.531
0.0
0.0
0.997
0.249
0.065
0.011
0.152
0.477
0.498
0.899
0.942
0.032
0.531
0.065
0.011
0.217
1.01
0.076
0.043
0.227
1.42
0.704
0.455
0.0
0.0
0.011
0.0
0.0
0.011
0.0
0.0
0.0
0.065
0.39
0.379
0.693
1.32
1.8
1.65
1.96
1.91
1.18
1.65
2.03
1.64
2.04
1.64
2.39
2.03
2.79
2.63
2.07
2.78
2.42
2.43
3.77
2.79
3.47
4.31
4.26
4.16
4.67
3.5
4.03
3.22
3.01
3.31
2.78
3.14
3.61
2.4
3.14
3.42
3.41
3.38
1.06
3.26
2.53
3.23
3.37
4.32
4.63
4.44
6.1
3.78
3.37
2.79
3.34
2.75
2.23
1.44
4.08
1.02
3.21
4.19
5.82
3.03
7.27
6.15
6.52
7.13
8.48
7.39
11.2
9.35
9.78
6.96
9.37
10.0
9.58
9.28
9.36
11.4
9.66
9.55
7.81
7.9
10.4
10.8
9.66
9.85
9.59
11.7
9.26
8.48
5.46
6.14
8.37
9.68
8.22
11.7
7.32
9.32
6.93
10.7
11.9
10.8
10.6
10.0
10.8
9.67
7.94
10.8
7.0
3.55
8.61
7.22
3.24
5.8
6.39
3.5
6.21
4.77
0.011
0.0
0.0
0.0
0.119
0.163
10.3
2.5
3.3
2.47
2.97
4.03
5.59
6.94
8.09
6.47
11.3
8.65
7.13
9.03
11.0
9.66
8.59
10.1
5.54
6.99
7.48
6.45
8.34
6.38
7.78
6.09
6.0
5.74
5.69
6.09
7.48
6.0
4.21
5.85
7.28
6.6
9.55
9.59
7.33
10.2
10.2
9.34
10.0
10.2
9.84
10.4
8.1
12.5
10.5
10.5
10.0
8.46
4.87
8.45
7.4
9.0
9.25
9.53
10.2
8.04
6.06
6.49
4.73
4.27
1.23
0.79
0.618
0.184
0.986
0.195
0.574
0.0
0.0
0.0
0.0
0.0
0.0
0.0
0.0
0.0
0.0
0.0
0.0
0.0
0.0
0.0
0.0
0.0
0.0
0.0
0.0
0.0
0.0
0.0
0.0
0.0
0.0
0.0
0.0
0.0
0.0
0.0
0.0
0.0
0.0
0.0
0.0
0.0
0.0
0.0
0.0
0.0
0.054
0.0
0.0
0.0
0.0
0.0
0.0
0.0
0.0
0.0
0.0
0.0
0.0
0.0
0.0
0.0
0.0
0.0
0.0
0.0
0.0
0.0
0.0
0.0
0.0
0.0
0.0
0.0
0.0
0.0
0.0
0.0
0.0
0.0
0.0
0.0
0.0
0.0
0.0
0.0
0.0
0.0
0.0
0.0
0.0
0.0
0.0
0.0
0.0
0.0
0.0
0.0
0.0
0.0
0.0
0.0
6.42
3.57
3.62
4.89
3.82
4.17
6.54
8.05
8.23
10.7
10.2
6.54
7.05
7.27
8.28
8.63
7.51
4.97
6.63
0.801
5.46
3.64
3.41
3.29
3.65
2.48
3.77
3.6
3.44
5.56
6.22
6.39
6.74
4.07
0.758
0.0
0.0
0.0
0.0
0.0
0.0
0.0
0.0
0.0
0.0
0.0
0.0
0.0
0.0
0.0
0.0
0.0
0.0
0.0
0.0
0.0
0.0
0.0
0.0
0.0
0.0
0.0
0.0
0.0
0.0
0.0
0.0
0.0
0.0
0.0
0.032
0.0
0.0
0.0
0.0
0.0
0.0
0.0
0.0
0.0
0.0
0.0
0.0
0.0
0.0
0.0
0.0
0.0
0.0
0.0
0.0
0.0
0.0
0.0
0.0
0.0
0.0
0.0
0.0
0.0
0.0
0.0
0.0
0.0
0.0
0.0
0.0
0.0
0.0
0.0
0.0
0.0
0.0
0.0
0.0
0.0
0.0
0.0
0.0
0.0
0.0
0.0
0.0
0.0
0.0
0.0
0.0
0.0
0.0
0.0
0.0
0.0
0.0
0.0
0.0
0.0
0.0
0.0
0.0
0.0
0.0
1.32
0.466
1.06
0.953
0.455
0.542
0.206
0.357
0.357
0.357
0.152
0.368
0.412
0.477
0.596
1.05
1.41
1.53
1.55
1.92
1.58
1.39
1.1
0.921
1.82
1.68
1.25
1.66
2.23
1.79
1.91
1.54
1.85
2.06
1.21
1.65
1.65
0.444
0.292
0.141
0.358
0.0
0.0
0.0
0.0
0.0
0.0
0.0
0.0
0.0
0.011
0.022
0.0
0.0
0.0
0.032
0.628
0.574
0.0
0.0
0.0
0.0
0.108
1.85
3.25
4.11
5.17
7.38
4.09
6.07
5.29
4.64
3.18
5.36
5.89
8.44
11.0
11.9
11.0
11.6
12.5
13.2
15.8
16.1
10.4
0.0
0.0
0.0
0.0
12.9
14.6
12.4
8.58
7.5
15.7
10.5
11.1
8.2
6.21
14.7
13.5
11.7
16.7
18.2
15.8
17.2
19.1
17.0
15.1
15.7
14.0
18.1
18.8
18.5
16.6
12.8
18.0
15.5
17.6
13.1
12.2
17.2
9.59
15.8
17.8
13.1
14.6
10.7
8.06
8.55
11.6
15.4
13.3
15.1
15.6
15.1
13.8
14.3
14.5
13.6
13.3
11.8
13.3
15.5
13.9
13.2
14.0
16.5
12.6
12.0
8.91
15.1
15.4
14.9
17.6
17.7
15.0
12.1
16.8
15.9
10.3
17.0
11.3
17.4
6.19
6.87
11.2
14.6
14.5
11.2
7.34
5.35
16.0
14.6
1.6
7.0
6.61
13.1
9.55
8.43
11.8
9.37
6.63
6.6
9.59
16.0
13.9
18.5
14.6
18.4
18.9
14.8
8.56
8.21
10.3
5.53
4.69
12.1
23.1
20.0
8.74
18.6
17.6
18.3
18.7
21.9
20.4
20.3
20.7
21.3
20.8
21.1
21.7
18.7
18.2
18.3
18.5
19.9
18.7
20.0
19.3
18.8
18.1
16.0
20.0
18.3
17.1
21.4
17.7
11.1
21.3
18.1
18.9
20.1
21.1
19.4
21.0
19.3
13.7
9.47
20.9
20.5
21.3
17.2
16.8
20.6
20.8
19.4
23.2
21.2
21.5
12.3
14.9
12.4
4.06
20.5
19.0
18.5
10.7
10.6
17.4
18.3
15.0
20.2
20.1
13.8
18.6
19.7
19.8
20.5
19.9
18.5
12.6
12.5
18.8
18.1
12.5
16.6
16.6
16.7
17.0
18.8
18.8
17.3
14.1
16.4
18.4
14.1
18.1
17.6
15.3
16.9
15.2
14.5
15.1
14.0
14.2
11.9
11.8
9.88
9.96
10.1
6.5
3.98
4.71
3.9
5.27
7.0
6.88
8.02
9.11
11.1
11.3
6.14
0.0
7.2
10.9
10.8
10.6
11.4
9.91
11.7
10.3
11.1
11.2
11.3
9.97
11.2
11.8
9.79
10.3
10.6
11.3
11.5
11.1
6.61
5.52
7.57
8.84
11.9
10.4
11.8
7.82
12.2
10.0
12.3
11.7
9.49
11.0
11.8
11.6
11.3
8.29
9.61
9.23
8.59
9.66
9.11
12.5
13.2
14.0
13.8
15.1
16.0
15.0
13.0
14.9
16.9
16.0
14.7
13.2
15.6
14.2
16.7
17.3
15.7
15.0
19.4
15.8
14.6
13.4
10.2
14.8
14.9
14.3
12.1
13.2
14.9
13.4
14.0
11.8
12.4
11.5
11.8
11.3
11.6
10.8
11.7
11.5
11.1
12.1
10.2
6.89
13.7
12.4
12.6
12.1
11.9
12.4
12.1
11.5
11.9
10.9
12.2
10.8
10.9
11.5
9.9
11.1
11.9
11.6
13.4
9.64
9.85
10.6
10.7
10.2
11.1
10.2
11.3
8.71
7.42
9.69
8.38
5.95
7.84
4.55
9.12
6.79
5.77
6.05
4.9
6.59
6.67
4.72
2.43
3.17
4.55
4.42
1.58
0.672
1.02
6.82
6.68
5.52
6.5
0.704
0.0
0.0
0.011
3.41
6.53
4.84
5.13
5.61
9.32
9.78
7.77
6.87
13.0
7.78
8.13
5.63
11.2
5.5
4.23
13.3
9.82
13.3
11.7
12.8
11.9
10.2
12.8
14.6
13.2
13.3
13.1
14.2
15.0
11.8
11.6
7.41
5.73
10.8
9.2
14.0
14.9
11.6
3.79
3.77
4.9
5.87
6.88
6.65
9.54
8.59
10.6
7.97
11.9
9.6
0.0
0.0
0.0
0.0
9.03
8.55
0.0
0.0
0.0
0.0
0.0
14.7
5.1
0.357
11.0
6.6
6.85
4.93
6.11
4.54
4.5
5.25
5.25
4.02
0.173
0.0
0.412
7.33
11.6
10.6
11.8
7.42
11.9
11.2
12.0
7.03
12.4
11.6
10.0
11.4
11.9
13.4
14.5
14.4
9.64
12.4
15.4
14.9
15.0
14.8
9.78
0.444
5.68
11.7
9.18
13.9
16.1
15.2
15.1
14.2
15.0
13.6
15.4
14.5
14.5
14.6
15.4
14.7
16.0
14.2
14.7
12.1
6.43
11.0
21.6
14.8
15.3
14.8
14.6
14.9
13.9
15.8
15.5
14.7
8.03
21.7
14.4
13.8
15.5
15.0
16.1
14.0
15.5
14.5
8.63
18.3
15.2
14.5
14.1
14.9
14.4
15.1
15.9
15.3
15.5
13.2
14.9
15.2
14.8
15.0
15.2
14.8
14.9
9.26
0.0
11.3
9.84
4.79
7.68
5.5
3.98
5.65
1.12
12.7
13.6
12.1
12.2
14.0
11.8
7.63
6.11
8.35
3.69
8.47
14.7
11.9
14.0
11.3
10.1
10.1
12.4
15.9
12.1
14.7
13.8
8.09
11.5
9.36
12.7
14.7
8.3
6.26
15.1
15.2
13.4
14.1
6.49
10.6
11.0
9.3
13.9
9.43
14.3
8.8
0.0
7.33
12.5
5.91
1.43
9.87
5.23
1.7
0.108
6.04
6.21
3.8
1.56
4.19
4.61
4.37
2.56
4.21
3.75
4.0
4.2
3.43
5.2
3.79
5.48
4.16
4.57
7.08
11.9
15.2
6.86
7.13
6.4
6.93
8.68
5.63
4.93
2.85
5.32
6.15
6.47
9.37
6.25
7.18
6.92
7.17
7.54
7.93
6.61
8.85
7.62
6.3
8.57
7.3
4.82
8.64
6.23
7.24
6.26
6.28
6.19
6.84
7.53
10.1
11.1
8.29
9.64
11.4
11.9
11.4
10.5
9.2
9.28
9.36
9.19
11.0
9.16
9.54
9.24
9.16
9.25
9.74
9.08
11.1
9.52
9.26
7.51
11.5
6.91
9.28
7.14
8.64
8.09
7.19
6.42
6.84
6.66
6.59
8.31
10.2
10.6
11.9
13.7
11.6
10.4
12.8
12.8
12.5
12.9
11.4
12.4
8.91
9.94
12.2
13.0
12.3
12.7
12.0
11.6
9.37
15.5
15.1
14.9
15.0
14.3
12.6
7.9
6.66
3.11
9.72
15.3
15.5
13.7
15.0
15.2
14.9
14.7
13.2
14.8
12.4
13.3
14.5
12.6
8.56
13.9
15.1
15.0
15.1
14.8
15.0
15.2
15.3
15.0
13.7
16.3
15.1
14.7
15.5
14.6
4.42
14.3
20.9
15.6
15.3
14.8
15.1
15.3
14.8
15.6
14.8
13.3
13.3
14.5
13.1
6.31
18.9
14.3
15.9
10.8
18.3
14.4
15.4
15.0
14.9
15.7
15.2
15.6
14.4
16.0
15.2
14.9
15.2
15.0
15.1
14.9
15.5
5.5
15.9
11.3
13.0
12.8
14.0
13.8
13.1
13.3
14.2
13.1
16.1
14.4
12.4
14.4
15.0
15.3
14.7
15.0
15.2
14.6
14.2
12.3
16.6
14.3
14.4
15.1
14.6
14.7
15.1
15.0
14.8
3.54
19.3
5.4
9.62
6.27
10.6
10.2
11.3
14.2
10.5
14.2
15.1
14.4
14.3
13.4
15.3
13.9
14.5
14.5
14.3
14.6
14.5
14.3
15.1
14.2
10.3
16.2
14.2
12.0
14.2
15.1
15.1
8.88
19.9
14.0
15.1
14.0
6.6
7.77
15.5
14.4
16.0
14.6
15.3
10.8
12.3
15.0
14.9
14.8
15.0
15.2
15.1
15.1
14.3
14.3
14.4
14.1
13.6
14.7
14.2
12.0
15.8
14.2
13.1
13.5
12.5
13.2
13.2
11.4
12.1
10.5
14.0
14.3
13.9
13.6
12.7
14.7
14.7
14.2
14.5
14.3
14.4
14.3
14.4
12.9
15.2
14.3
14.5
14.8
14.5
14.4
13.6
15.0
15.0
12.9
14.5
14.3
14.6
13.7
11.4
14.1
12.7
15.6
15.0
14.7
15.3
14.4
15.1
11.7
14.5
13.4
14.5
13.6
11.1
11.4
14.3
14.2
14.6
14.8
14.3
12.1
14.2
13.8
13.3
12.4
15.7
15.3
15.0
14.4
14.4
15.4
14.5
14.2
14.0
14.1
15.4
14.2
12.7
13.0
14.4
14.5
14.2
13.7
13.7
12.6
9.48
12.4
14.5
16.5
15.1
15.2
13.7
14.0
15.8
15.2
14.9
15.0
14.4
1.83
20.6
13.2
15.7
15.6
9.97
6.82
0.054
2.0
3.64
13.3
3.88
4.09
4.17
6.26
10.1
11.0
8.48
9.93
9.87
6.8
10.2
8.74
7.08
5.91
9.21
10.2
9.84
11.1
11.1
11.7
12.1
11.6
11.1
14.2
14.7
14.3
1.33
14.6
6.88
6.62
8.22
9.85
10.1
14.2
15.0
12.2
12.2
13.4
14.8
14.2
14.0
13.7
14.5
13.6
14.4
14.5
11.3
13.4
14.5
14.3
13.8
14.7
14.9
14.2
7.5
14.0
18.6
14.1
15.1
14.4
14.5
15.5
15.5
15.2
14.0
13.0
7.43
14.8
0.162
3.9
7.11
2.66
4.66
4.08
3.77
2.35
8.55
11.6
10.6
14.5
14.2
14.6
15.2
12.9
15.4
16.1
14.8
14.7
14.5
14.0
14.4
15.7
13.5
14.0
14.8
15.2
15.0
14.4
15.9
15.2
14.6
15.4
15.1
15.2
13.4
16.2
15.4
15.2
14.6
13.2
5.31
19.9
7.83
16.8
9.81
19.2
15.2
14.0
14.8
15.3
14.3
14.2
14.3
13.3
14.8
13.8
12.9
8.08
9.67
14.9
14.6
15.2
12.6
4.09
17.6
9.22
15.7
12.1
13.7
14.1
15.3
1.74
17.4
13.3
7.44
8.9
6.65
6.27
7.06
4.58
8.17
8.9
8.48
9.41
9.55
14.6
14.7
14.1
10.6
12.8
7.53
11.0
11.7
7.5
10.0
14.7
13.6
2.19
0.0
3.84
16.0
4.45
11.2
10.1
11.0
10.5
8.17
9.25
9.81
6.08
7.6
9.66
3.58
6.68
8.32
7.18
7.06
9.03
6.5
9.53
9.33
8.66
9.25
10.1
9.32
10.2
9.29
8.32
9.36
8.52
9.0
8.45
9.35
7.68
8.27
8.24
8.16
8.45
7.95
7.51
9.5
8.05
8.84
8.47
7.71
8.04
7.45
8.5
7.21
9.18
9.65
9.12
8.89
7.57
8.22
9.22
8.97
9.14
9.47
8.43
8.66
9.07
6.44
6.41
8.01
6.34
4.29
5.18
2.82
2.89
3.63
2.83
5.29
5.13
6.92
7.6
9.14
7.81
8.48
4.33
6.63
8.48
8.02
8.45
8.42
7.94
8.2
6.66
6.25
8.64
8.07
8.36
2.36
4.47
3.11
3.99
3.42
3.2
2.82
3.28
2.78
2.39
2.24
2.6
2.61
2.05
1.64
1.25
1.18
0.119
1.19
0.823
1.11
0.227
0.0
0.401
0.552
2.3
3.29
3.5
3.78
3.62
6.26
6.98
9.81
8.02
8.28
10.7
6.47
9.47
9.14
8.05
8.61
6.34
8.54
6.71
9.6
11.6
6.53
8.91
14.1
6.45
6.36
7.18
6.43
8.17
5.97
10.8
10.9
9.33
9.47
4.69
4.07
5.71
6.3
5.04
4.01
9.11
13.4
10.5
6.53
12.5
8.72
5.72
6.1
6.02
3.78
4.08
0.011
10.2
12.3
5.85
0.011
5.93
4.68
4.84
2.36
7.06
0.888
4.4
2.6
4.94
0.141
4.66
3.17
2.9
3.38
3.17
2.25
0.0
4.76
1.45
2.71
1.69
2.77
2.22
2.18
1.66
2.94
1.64
2.4
4.72
3.09
2.95
1.95
1.88
1.99
1.56
2.04
2.1
1.84
2.14
2.97
3.16
3.56
3.69
4.09
4.38
3.67
0.0
3.23
8.4
3.43
3.56
1.7
0.0
6.6
0.0
4.97
2.45
1.58
2.94
2.81
2.0
2.29
3.0
1.95
2.61
1.84
0.0
7.25
10.8
10.1
5.5
8.95
4.68
3.21
2.81
4.68
2.59
5.78
6.39
3.97
2.64
2.3
7.16
3.43
5.21
3.35
6.45
2.31
2.9
3.22
3.57
1.27
2.55
1.3
1.33
1.15
2.0
1.74
0.997
1.58
1.91
1.3
0.704
0.0
0.0
0.0
0.0
4.59
3.49
4.77
3.42
1.53
1.71
0.0
0.0
0.0
0.0
0.0
0.0
0.0
0.0
0.0
0.0
0.0
0.0
0.0
0.0
0.0
0.0
2.67
0.0
0.0
0.0
0.0
0.0
0.0
0.0
0.0
0.0
0.0
0.0
0.0
0.0
0.0
0.0
0.0
0.0
0.0
0.0
0.0
0.0
0.0
0.0
0.0
0.0
0.455
5.3
6.85
3.98
4.72
4.56
0.0
2.82
5.45
0.411
0.0
0.0
0.0
0.0
11.3
3.77
5.15
2.15
2.75
5.33
4.21
6.41
4.53
5.1
4.58
5.23
6.69
4.6
5.7
5.47
5.47
7.53
5.16
7.14
5.55
6.68
6.27
6.14
6.88
6.08
6.09
0.574
8.02
12.0
10.1
10.2
9.43
7.76
4.18
3.52
1.07
1.21
1.58
2.17
0.0
0.0
0.0
0.0
0.0
0.0
0.098
0.0
0.0
0.0
0.0
0.0
0.0
9.69
3.57
4.59
5.26
4.04
4.39
5.97
6.49
7.52
4.87
7.89
6.41
6.0
6.38
3.31
8.88
9.29
7.22
7.67
7.56
6.49
0.877
0.0
0.0
0.0
9.98
9.9
7.84
10.1
11.4
13.6
14.9
13.2
12.9
13.2
13.7
16.4
16.1
14.6
11.3
17.4
10.8
11.8
10.3
13.0
17.1
15.2
6.23
0.0
0.0
0.0
0.0
0.0
1.49
0.412
0.552
2.55
1.14
0.899
2.49
1.05
1.34
1.85
1.43
4.03
0.899
3.76
0.314
6.02
2.19
1.76
3.41
4.11
3.62
4.78
3.69
3.88
5.74
5.17
4.27
2.66
4.54
7.14
3.27
5.34
1.32
4.58
1.57
1.93
2.92
2.86
3.39
2.82
2.06
2.26
2.56
2.99
3.41
0.52
5.93
3.76
4.56
5.07
3.6
4.06
3.59
3.76
3.05
3.3
2.93
3.59
3.16
2.72
2.65
0.812
1.49
2.49
1.86
1.8
1.84
0.26
0.0
0.0
2.09
0.0
1.42
0.487
0.867
0.162
0.639
1.05
0.618
1.1
5.71
3.61
2.36
4.63
4.05
4.24
4.77
3.09
6.09
5.36
5.02
4.11
6.72
3.13
4.98
1.3
3.95
2.26
1.41
1.52
0.542
0.563
3.23
0.152
1.19
1.43
1.19
0.932
0.498
0.0
2.18
0.942
0.91
0.693
1.15
1.3
0.845
1.39
1.22
1.22
1.32
1.87
0.119
2.86
0.985
0.0
3.15
2.09
1.65
0.0
2.08
1.18
1.08
1.06
1.28
1.32
0.823
0.0
2.31
0.412
2.0
4.48
2.88
2.69
4.9
2.12
4.9
4.74
4.03
4.48
7.67
6.87
5.5
5.43
8.58
6.8
3.82
6.64
6.63
6.54
8.44
6.12
5.11
6.6
8.06
5.74
4.07
6.61
5.74
5.63
7.99
8.83
7.9
7.91
8.49
7.31
7.51
6.37
6.98
6.63
7.38
4.32
4.05
4.82
6.33
6.47
7.13
5.44
8.36
7.37
7.32
5.91
7.93
7.26
7.91
3.12
5.08
5.22
1.94
2.86
4.83
4.35
3.96
1.99
3.31
7.79
7.5
7.56
6.43
1.78
5.42
3.69
4.84
4.8
2.69
3.3
4.72
5.91
5.18
6.76
4.73
5.94
5.56
5.59
4.29
4.99
5.84
5.73
5.41
5.58
5.39
5.1
5.49
5.59
5.32
4.82
2.9
5.94
4.49
4.48
3.93
3.24
1.81
2.65
2.55
1.74
2.03
1.8
1.74
1.05
1.78
3.08
3.82
4.46
3.63
3.25
2.38
2.11
3.61
11.9
11.2
7.95
3.66
4.26
4.86
4.55
4.59
4.05
5.43
4.31
5.67
6.33
8.45
6.61
7.98
5.3
9.82
8.57
9.21
9.24
5.15
6.5
5.68
5.0
11.7
10.7
14.0
14.3
12.0
11.3
10.7
12.0
11.9
11.3
11.8
10.9
11.3
11.6
11.6
11.8
11.2
12.5
12.0
11.9
12.2
11.9
12.2
11.4
9.09
9.76
11.0
11.4
9.5
9.49
10.0
9.34
11.2
9.3
9.77
8.49
9.29
8.25
9.09
9.03
10.2
9.59
9.5
10.9
10.4
10.2
9.87
11.9
11.3
9.73
10.8
10.9
12.1
11.9
10.6
11.5
11.4
8.55
9.17
9.93
11.0
9.89
9.9
10.1
10.1
12.3
10.4
15.1
12.0
13.3
11.1
13.3
12.6
13.9
13.6
11.4
12.3
11.1
12.8
13.3
12.0
12.8
12.5
10.2
8.89
12.0
13.6
13.5
13.0
12.2
14.0
13.8
13.4
13.0
13.3
10.7
14.7
12.9
13.5
13.7
13.1
10.6
15.6
13.5
14.1
12.4
13.0
13.5
12.7
14.2
12.3
10.6
7.4
16.5
13.6
13.4
10.2
11.0
12.2
14.3
13.5
13.4
12.8
13.7
10.3
10.4
13.6
10.8
13.6
11.5
8.14
6.93
7.07
6.64
7.07
7.14
8.31
8.24
7.94
6.51
4.77
8.63
7.58
8.1
8.73
8.47
8.55
8.3
8.01
7.03
8.57
7.41
7.92
7.95
7.04
9.49
7.65
8.13
7.95
7.21
8.05
6.37
9.74
8.11
8.13
7.69
8.36
7.81
6.1
6.38
6.59
6.17
5.04
7.91
6.77
7.07
6.5
8.85
6.77
5.61
6.67
6.98
8.45
9.78
12.1
11.1
5.52
6.67
8.67
4.31
0.325
2.91
7.54
5.49
3.28
4.56
4.19
5.39
5.67
6.95
1.62
0.0
7.41
4.83
9.12
8.95
10.9
13.7
15.1
19.3
16.8
21.0
14.4
11.4
11.0
11.7
10.6
10.1
12.0
11.6
12.3
10.4
15.2
14.6
14.3
14.6
15.0
16.1
16.8
14.2
14.0
10.9
18.3
12.5
14.4
13.7
18.2
19.9
19.3
17.8
19.7
18.7
20.4
16.2
16.6
18.0
19.0
16.8
17.7
16.1
21.3
19.7
19.5
13.9
14.3
18.2
16.9
19.0
12.3
18.7
17.1
16.8
20.9
21.1
21.6
18.9
23.2
12.1
22.1
22.5
21.6
24.0
22.2
21.0
17.5
17.3
15.0
15.6
17.5
16.3
13.2
9.3
6.88
14.9
3.61
17.3
23.7
18.3
12.8
18.0
19.6
19.7
7.28
5.46
8.36
6.94
18.8
10.7
8.64
4.6
14.4
11.0
14.6
12.4
11.5
10.4
6.51
5.65
11.1
10.9
13.9
17.9
19.1
15.2
17.7
19.0
17.2
17.6
20.4
9.51
16.0
15.3
6.1
12.0
8.94
10.2
17.9
17.9
17.5
16.1
16.6
12.5
12.1
10.8
10.3
18.0
15.6
13.4
17.5
16.9
16.5
16.3
8.81
18.2
14.4
7.4
18.1
17.6
14.9
12.4
16.0
13.3
13.1
17.5
19.7
18.3
17.1
19.1
19.6
19.0
16.2
16.2
16.3
18.8
17.9
20.5
17.9
21.6
19.7
18.8
19.2
18.9
19.6
19.8
16.1
14.8
15.3
14.9
15.7
16.7
15.4
15.7
15.8
15.7
15.7
15.5
15.3
15.8
15.6
15.8
14.6
15.4
15.3
4.3
14.1
20.0
16.2
12.2
13.4
15.6
15.3
12.0
10.4
15.9
13.1
14.9
13.4
14.5
14.4
14.8
15.1
3.89
16.8
11.4
13.2
15.0
14.7
15.3
13.9
7.41
14.3
10.7
11.7
15.1
13.4
13.3
5.09
15.3
7.69
10.2
8.94
8.89
7.41
8.58
7.39
7.93
8.37
8.96
9.02
7.31
6.41
7.54
6.34
6.67
8.43
8.13
8.34
7.69
6.43
9.75
7.0
7.86
10.1
12.5
11.2
8.21
13.7
14.6
13.3
14.0
14.5
14.5
14.4
12.5
14.7
10.2
14.6
14.9
15.4
15.5
14.8
15.9
15.0
9.82
0.065
6.89
9.5
0.0
2.3
17.6
5.04
5.2
5.65
4.53
3.14
2.83
0.628
1.27
0.899
1.76
4.97
4.23
3.25
2.16
2.37
5.5
11.5
9.17
11.1
11.8
9.66
13.6
11.5
12.6
12.3
10.2
11.3
13.0
14.7
8.87
14.6
14.6
14.1
14.8
15.6
10.9
15.4
14.5
15.7
13.8
16.3
13.9
14.5
14.7
14.1
12.7
12.6
12.7
11.0
9.52
10.2
10.7
13.9
12.3
14.7
11.0
11.8
12.2
9.2
12.5
13.5
10.2
9.24
9.2
10.5
12.1
9.48
10.2
10.2
10.6
8.61
10.8
13.2
11.2
11.7
11.2
11.3
12.4
12.9
12.2
13.9
12.0
12.0
12.9
13.9
14.3
12.1
10.4
7.93
14.3
8.41
13.6
14.4
13.8
12.6
12.1
14.8
8.91
8.05
8.45
12.8
12.2
10.9
13.7
13.6
12.2
12.8
13.0
15.0
15.2
16.6
15.7
10.3
18.4
8.79
13.6
15.7
7.84
11.4
7.83
11.8
10.4
9.11
9.03
8.93
9.79
9.19
9.66
8.86
9.23
6.49
8.51
8.02
8.78
7.5
8.47
7.06
7.29
7.66
8.09
9.17
8.54
8.31
8.44
0.693
11.3
6.9
8.86
8.71
9.26
9.62
9.23
9.88
9.33
8.94
8.99
7.88
7.42
6.51
6.48
9.42
6.09
6.21
7.76
7.58
9.45
9.79
9.17
2.89
0.0
1.77
5.83
5.49
6.04
5.07
4.63
2.95
6.32
5.11
4.09
2.99
2.2
4.12
4.24
5.63
3.93
6.07
5.56
9.55
7.01
7.76
6.63
11.1
10.3
9.87
11.0
10.5
11.6
11.9
11.8
11.9
12.6
12.0
12.3
10.9
12.9
13.1
12.2
13.2
11.8
13.6
9.95
15.1
11.6
11.7
14.6
13.6
13.8
14.3
12.2
12.4
13.6
14.8
14.8
15.2
11.4
17.5
14.4
14.6
15.5
14.7
14.9
14.7
14.8
14.0
14.7
15.9
14.4
13.4
15.0
13.1
12.7
15.7
11.6
14.2
7.71
9.94
7.03
8.08
8.41
13.4
14.7
12.6
13.5
12.7
11.1
12.5
15.0
13.9
11.6
2.45
6.2
6.9
12.5
10.7
11.0
12.9
7.18
12.5
11.1
6.67
10.8
0.693
0.0
5.57
5.33
7.86
9.45
7.09
9.33
7.93
9.12
8.1
7.97
7.73
9.02
9.14
5.09
11.1
10.0
8.63
8.48
8.56
8.33
8.2
9.85
9.24
6.13
9.65
8.67
8.86
7.22
9.28
8.86
9.52
9.35
9.16
8.99
9.2
8.21
10.1
7.06
7.04
8.33
6.97
6.87
7.98
9.23
8.25
9.63
7.92
9.88
9.38
7.77
10.8
8.69
9.58
9.25
9.56
9.48
7.5
9.85
10.2
4.14
2.07
2.01
3.69
3.52
2.42
3.41
3.36
1.86
2.6
5.02
1.51
0.574
0.0
0.065
1.31
1.99
0.054
1.56
0.022
2.13
0.92
0.0
0.401
1.19
1.47
2.14
2.22
0.834
1.46
0.087
1.13
0.152
0.0
0.694
0.78
0.087
0.889
0.249
0.087
0.108
0.672
0.856
1.08
0.152
2.26
1.07
0.541
0.704
0.087
0.325
0.0
0.0
0.0
0.0
0.13
1.33
1.48
1.53
1.35
0.953
0.0
0.0
0.0
3.24
2.66
1.86
2.16
4.96
3.77
3.39
2.07
1.08
0.0
1.92
3.18
1.82
2.79
2.86
3.02
2.95
3.63
2.89
1.75
0.942
0.076
0.0
0.076
9.36
2.51
3.03
0.0
0.239
2.62
3.27
3.39
2.19
3.24
3.36
3.39
3.59
1.07
1.61
1.8
1.41
0.682
0.541
0.596
1.77
0.606
0.0
0.0
0.0
0.0
0.0
0.0
0.108
0.91
1.03
1.17
1.99
1.71
2.09
2.53
2.46
2.92
2.57
2.24
2.47
2.51
4.8
5.1
3.66
2.66
3.09
3.34
5.68
2.61
7.67
4.55
6.47
5.25
7.5
2.92
3.28
4.98
4.0
2.1
7.89
5.61
7.81
5.46
7.31
6.28
5.77
6.44
7.03
8.97
7.48
0.022
0.119
16.9
3.16
4.96
4.52
5.61
5.74
6.0
5.64
3.14
3.3
1.18
0.92
1.18
0.411
0.0
0.0
0.0
0.0
0.043
2.75
4.37
2.97
4.25
5.47
5.0
5.33
6.97
7.51
8.33
9.91
10.6
9.17
10.6
10.3
10.4
10.4
8.21
9.33
8.22
9.41
9.29
7.83
9.37
10.8
10.3
10.0
8.67
6.67
6.2
5.86
8.46
6.38
10.0
1.3
6.63
7.84
6.61
9.89
6.96
6.95
11.3
8.62
9.27
9.4
11.4
10.1
8.37
7.95
7.4
6.99
7.22
4.61
8.85
9.17
8.3
6.14
6.82
6.95
6.74
7.72
8.98
8.8
5.91
9.1
8.73
9.14
9.52
9.99
10.8
8.3
8.91
7.82
9.79
7.55
7.51
7.89
8.37
9.74
7.04
8.98
8.38
3.12
0.108
8.49
6.02
8.57
8.56
9.78
8.82
9.26
8.15
10.7
9.37
9.88
8.99
9.33
10.1
8.85
6.5
8.24
7.83
6.23
6.96
10.0
7.58
10.2
10.5
8.38
6.88
7.07
7.45
8.37
5.28
5.96
5.46
6.14
5.68
6.4
7.89
8.85
8.55
8.28
7.3
8.31
7.56
7.23
8.99
9.47
9.04
10.8
8.77
7.46
7.19
9.38
6.35
6.47
6.92
7.71
5.57
5.62
6.37
6.89
6.4
6.51
6.6
5.57
4.98
4.0
6.31
6.29
6.42
6.0
5.76
5.13
1.52
1.39
2.74
1.23
0.065
0.856
0.238
0.054
0.076
0.184
0.011
0.0
0.0
0.0
0.0
0.0
0.0
0.0
0.0
0.0
0.26
0.347
0.52
0.433
0.585
0.607
0.563
0.444
0.13
0.152
0.173
0.412
0.412
0.238
0.054
0.336
0.065
0.141
0.011
0.108
0.0
0.032
0.0
0.141
0.087
0.0
0.0
0.0
8.12
3.36
6.11
6.43
7.8
6.16
6.03
7.14
6.23
5.37
2.42
4.16
4.0
5.85
3.76
3.08
3.36
2.18
4.34
3.82
2.68
2.59
2.35
2.08
2.16
3.17
4.58
5.34
4.49
3.54
5.12
6.09
6.62
7.0
3.77
5.09
5.07
3.98
4.53
6.85
6.77
6.74
6.88
4.93
6.19
6.48
6.47
8.21
8.11
7.84
4.19
6.31
3.98
4.22
4.72
4.38
4.32
3.56
3.11
4.39
5.76
4.61
4.43
5.15
6.13
4.93
3.31
4.67
3.22
2.05
4.34
3.3
5.22
3.34
5.46
6.35
6.31
3.7
2.87
3.0
5.16
5.59
4.98
4.13
4.08
4.05
5.76
4.26
5.72
3.99
4.67
4.65
4.19
5.18
5.34
4.6
3.68
2.6
2.75
0.563
0.022
0.065
0.0
0.0
0.0
0.0
0.0
0.0
0.0
0.0
0.0
0.0
0.0
0.0
0.0
0.0
0.0
0.0
0.0
0.0
0.0
0.0
0.0
0.0
0.0
0.0
0.0
0.0
0.0
0.0
0.0
0.0
0.0
0.0
0.0
0.0
0.0
0.0
0.0
0.0
0.0
0.011
0.0
0.0
0.0
0.0
0.0
0.0
0.0
0.0
0.0
0.0
0.0
0.0
0.0
0.0
0.0
0.0
0.0
0.0
0.0
0.0
0.0
0.0
0.0
0.0
0.0
0.0
0.0
0.0
0.0
0.0
0.0
0.0
0.0
0.0
2.66
2.4
3.42
3.38
4.04
6.46
7.05
7.96
13.8
16.2
8.17
12.8
15.0
12.8
13.0
8.0
4.38
7.25
10.7
12.5
7.45
7.01
14.1
16.1
13.5
8.52
12.7
11.5
6.82
7.56
6.23
1.05
8.17
6.04
4.64
4.35
3.96
4.85
5.48
5.12
10.3
0.628
6.79
2.84
9.2
3.29
3.29
0.162
0.0
9.92
3.23
2.38
1.92
3.52
3.68
3.43
3.91
3.25
4.12
3.83
3.86
3.27
3.5
4.52
4.05
3.29
4.2
5.87
5.83
9.85
7.85
10.7
11.0
13.7
10.2
13.8
13.6
14.4
11.1
14.5
12.0
15.6
13.8
13.1
14.7
9.54
12.9
15.2
9.65
9.98
12.9
9.36
9.41
7.91
9.21
9.14
6.8
12.5
12.9
11.0
8.05
5.94
7.55
8.35
4.29
8.54
5.56
10.5
8.99
3.18
4.18
4.89
4.55
4.89
1.28
6.32
6.64
5.19
4.15
4.78
4.59
5.29
6.4
3.41
4.32
5.47
4.24
0.455
0.0
0.0
0.336
0.0
0.0
0.0
0.0
0.0
0.0
0.0
0.77
8.74
0.78
0.964
0.401
0.065
1.23
1.93
2.26
1.48
0.325
0.0
0.0
0.0
0.0
0.0
0.0
0.0
0.0
0.0
0.0
0.0
0.0
0.0
0.0
0.0
0.0
0.0
0.0
0.0
0.0
2.2
1.78
1.91
2.69
2.78
3.43
2.91
2.85
4.78
9.63
9.39
10.6
10.3
13.1
14.3
11.8
14.6
11.8
11.5
8.03
4.37
5.16
5.34
6.08
5.84
5.99
5.13
6.43
4.55
5.41
4.92
4.82
4.84
6.43
6.69
6.49
5.1
5.22
5.65
6.75
5.68
6.9
7.7
8.22
7.07
8.6
8.18
8.76
7.21
7.74
7.64
6.84
7.16
7.92
8.29
5.05
9.44
7.4
7.41
7.31
5.36
6.95
8.17
6.74
5.31
4.89
4.85
1.62
6.89
5.9
5.14
8.05
7.07
1.29
2.89
4.03
7.72
5.91
8.38
5.04
3.31
3.08
0.996
4.3
1.55
5.28
3.42
2.94
1.95
3.38
2.17
1.58
1.8
2.53
2.31
4.48
1.99
2.99
2.94
2.17
6.28
0.26
0.0
0.011
1.53
9.2
2.27
1.94
1.98
1.22
3.58
2.36
4.42
1.84
3.45
2.36
1.38
9.8
9.4
10.6
8.75
11.0
11.0
9.88
10.9
10.6
9.25
10.6
11.3
9.72
14.5
18.1
15.2
16.2
10.5
9.27
14.7
12.8
12.4
11.5
12.4
11.7
9.44
9.16
9.73
8.33
8.8
12.4
11.2
9.85
8.47
8.36
9.26
10.9
9.28
9.94
10.9
10.7
9.65
15.9
17.3
13.9
12.5
11.8
9.42
9.74
6.76
8.52
11.0
9.26
10.7
9.62
8.74
8.18
10.2
8.19
8.68
3.08
8.78
5.74
3.5
6.4
10.0
6.65
5.73
7.39
7.81
7.87
7.83
7.22
5.97
5.89
6.92
6.94
6.89
7.5
5.83
6.67
4.58
4.7
3.89
4.14
6.58
6.59
6.77
10.9
9.61
9.69
10.1
9.32
8.41
7.92
9.5
6.62
10.6
7.91
9.6
9.38
8.99
7.34
8.56
6.55
6.68
5.11
7.21
7.22
6.04
7.18
7.26
8.22
4.93
3.12
2.46
3.61
2.76
3.93
2.92
2.84
2.99
4.06
3.29
3.15
2.97
2.77
3.51
2.56
2.64
2.44
2.72
3.36
2.21
2.68
1.82
2.25
3.63
3.79
3.83
3.36
3.21
3.62
3.29
3.7
3.38
3.03
2.49
2.34
6.0
5.37
5.84
8.09
6.74
9.4
10.7
10.1
9.55
11.5
6.11
7.22
12.5
10.5
12.1
11.6
8.21
5.35
12.3
11.4
7.89
11.8
8.27
10.2
10.6
10.7
12.4
12.9
12.2
9.85
9.92
12.5
13.6
11.2
11.2
12.7
7.47
9.11
2.9
3.88
6.93
5.94
5.45
7.81
9.87
9.33
8.25
7.03
2.26
7.65
5.19
6.43
8.15
8.24
6.61
8.88
9.58
9.12
10.6
11.5
8.48
13.3
11.1
12.9
10.7
11.8
12.6
13.7
12.4
12.3
9.47
8.9
9.85
10.9
7.93
8.1
12.6
12.3
13.1
13.2
14.2
11.5
13.3
12.1
11.7
9.65
13.0
15.0
15.4
12.4
9.59
9.91
8.94
9.38
9.87
10.4
7.28
7.97
9.89
9.42
8.9
4.46
9.66
9.06
10.2
0.314
1.08
8.12
9.07
8.08
6.71
7.3
6.91
7.61
6.62
6.06
6.05
5.96
6.12
4.06
4.29
3.09
2.26
2.56
9.36
3.37
6.38
4.77
2.98
4.37
8.72
10.0
8.36
4.66
9.98
5.73
6.76
4.07
13.7
5.94
4.74
7.15
4.17
2.66
8.06
10.7
7.08
10.6
12.9
11.7
7.0
9.23
9.38
12.7
11.2
7.66
7.85
8.54
10.3
6.95
4.3
6.91
6.93
5.91
4.29
5.12
4.91
4.97
4.59
4.11
4.76
5.03
5.0
2.97
6.08
5.25
4.57
4.65
4.43
4.47
4.38
5.46
5.2
4.99
5.06
5.31
4.72
4.68
8.08
6.94
8.62
4.59
4.24
3.41
4.58
3.76
4.01
3.63
3.57
3.59
3.75
3.74
3.46
3.62
2.98
2.94
2.44
1.52
6.48
7.65
6.93
5.95
4.53
4.5
5.36
5.84
4.74
3.99
3.11
6.51
7.41
8.28
8.84
5.97
6.36
5.94
5.75
6.75
7.71
6.2
2.95
4.76
3.75
3.53
4.59
4.45
3.28
2.62
1.84
2.16
1.54
2.88
2.4
1.39
2.83
0.097
0.011
5.08
2.51
3.38
2.27
2.21
1.73
1.59
2.39
1.67
0.758
1.13
1.47
1.16
1.44
1.57
0.563
2.91
1.93
2.64
0.303
2.32
0.921
1.66
1.38
0.0
7.35
9.43
9.58
7.31
7.79
8.71
3.4
3.42
1.95
1.33
2.37
2.31
1.48
3.22
4.76
2.65
2.93
1.99
4.06
1.71
4.27
6.91
7.81
4.21
2.92
2.08
8.59
9.15
9.8
6.33
12.4
5.55
10.5
10.6
9.35
9.36
9.74
7.08
2.99
2.73
1.64
1.44
4.24
3.29
2.49
6.35
4.86
4.61
5.04
5.88
4.86
6.0
6.71
6.16
4.58
4.87
3.47
1.61
1.82
2.04
4.98
5.21
6.61
4.89
1.81
2.94
4.49
3.9
4.05
4.32
4.71
3.37
5.44
4.06
5.36
2.81
1.93
3.52
3.13
4.35
5.87
5.21
4.93
1.32
7.18
4.38
3.85
4.26
0.347
0.0
15.2
4.14
4.47
6.42
3.88
4.0
6.33
6.04
6.47
6.9
5.55
7.09
7.16
6.65
5.99
5.38
6.41
4.27
5.97
2.96
3.95
2.53
2.11
4.18
6.73
7.52
8.72
5.91
10.1
6.22
10.8
9.04
9.88
9.4
9.19
8.86
7.27
9.26
5.88
8.35
8.11
4.06
8.19
4.28
6.55
3.89
6.46
5.89
5.6
5.5
4.07
5.39
4.72
2.83
3.6
5.49
7.31
6.41
6.56
5.12
4.46
4.34
3.94
5.52
5.85
5.43
5.05
4.72
4.16
5.06
6.87
6.21
5.6
5.07
4.66
5.58
4.63
3.5
3.68
2.04
2.98
2.35
2.45
2.61
3.77
2.7
1.66
2.65
1.72
2.16
0.942
3.29
1.67
2.49
2.55
2.07
3.94
2.97
2.87
1.86
2.83
1.96
7.98
6.81
7.25
8.31
7.24
8.84
8.68
10.6
10.3
10.8
10.4
11.9
9.74
9.06
9.74
9.74
7.57
5.38
7.27
5.52
3.51
4.35
6.62
0.736
8.62
11.0
8.74
7.93
8.58
8.96
9.26
9.75
6.38
9.71
6.02
6.21
6.33
5.32
5.84
6.4
5.8
6.08
6.75
5.69
6.87
5.93
8.0
7.65
7.56
9.24
6.82
5.69
6.52
6.33
6.66
4.99
6.09
5.96
8.11
9.88
7.89
9.55
7.01
9.5
8.8
7.01
7.47
8.86
8.6
7.19
8.51
6.85
7.18
7.9
7.14
7.74
6.0
6.95
7.12
6.78
8.69
7.95
8.07
8.19
10.2
9.63
7.82
7.09
4.58
6.24
6.69
6.26
5.78
6.09
6.2
8.09
6.71
7.75
6.27
3.44
4.5
4.54
4.98
4.2
2.48
3.62
2.9
4.33
6.68
5.29
6.3
7.7
7.38
7.76
8.0
6.51
5.55
6.99
6.15
6.61
6.62
5.98
8.38
9.56
8.21
8.2
6.22
4.55
3.21
3.66
4.95
5.62
6.38
4.66
4.11
3.94
4.85
4.7
5.44
6.62
5.54
5.63
8.16
8.12
7.4
7.81
8.83
9.5
9.77
9.92
10.3
4.02
6.69
4.98
6.95
5.48
4.7
4.42
7.37
6.66
8.09
7.82
6.92
4.34
5.31
3.6
3.95
6.82
7.6
4.0
5.37
5.74
4.83
2.44
1.7
2.47
1.93
2.25
2.84
1.73
7.16
5.08
7.03
4.46
4.39
5.1
5.88
5.16
5.68
3.5
3.29
4.5
4.51
4.35
4.83
3.98
1.44
4.94
3.33
3.31
4.65
7.04
6.09
4.15
4.31
4.16
4.02
2.88
4.31
1.43
5.67
9.21
10.3
10.9
7.08
7.91
8.62
8.29
8.7
7.59
8.29
7.42
5.37
7.72
8.02
7.69
8.24
8.03
7.42
8.99
9.53
9.32
8.81
8.43
7.43
5.06
9.85
8.03
7.14
7.6
4.45
4.8
3.49
6.38
4.71
5.3
6.03
3.25
7.52
8.98
8.05
8.41
8.62
7.97
8.23
9.62
7.79
7.94
8.17
7.45
8.49
8.21
10.6
7.0
3.83
2.87
0.618
8.33
11.1
12.1
8.75
9.11
11.0
11.7
10.6
11.2
8.12
10.2
6.07
11.3
8.23
7.3
9.68
9.67
9.64
8.65
8.91
11.5
8.55
9.01
8.67
9.2
9.82
6.3
5.29
8.17
4.92
3.41
2.72
4.25
3.07
3.56
0.671
0.0
0.0
0.011
2.45
6.53
1.12
0.737
3.01
3.16
4.79
2.76
2.34
0.0
3.87
4.25
10.3
10.9
12.1
8.22
9.06
10.8
11.2
11.1
9.07
8.07
8.13
4.6
5.37
3.23
7.45
6.75
7.11
3.7
2.03
1.3
4.09
5.24
5.36
3.02
1.92
1.86
3.35
2.57
1.92
2.66
1.64
2.29
3.17
3.2
2.29
2.25
0.0
0.0
0.0
0.228
11.0
1.79
3.2
1.2
2.27
6.89
5.44
4.61
1.3
3.68
3.03
3.54
3.82
3.81
1.93
2.12
2.23
2.37
2.11
1.97
1.78
3.13
2.31
2.66
2.82
2.2
3.13
4.04
3.76
3.88
3.29
3.37
3.72
3.79
1.52
3.12
1.59
2.09
3.14
4.11
4.02
4.91
2.87
7.96
1.82
1.41
4.29
2.82
3.85
3.61
3.85
4.52
2.26
6.59
4.59
2.71
3.56
2.76
1.84
4.21
2.71
2.99
2.36
2.73
1.34
4.12
2.23
2.39
2.06
1.94
2.73
2.34
1.95
2.21
2.92
2.64
2.44
3.34
3.37
0.639
1.72
0.097
0.0
9.92
0.152
0.986
1.48
0.747
1.12
0.671
2.15
1.72
2.78
2.46
1.87
2.1
0.628
0.888
0.856
4.02
6.35
7.92
6.99
6.48
8.06
6.66
7.59
7.41
7.67
8.12
5.56
7.93
5.7
7.4
5.26
6.3
7.43
4.28
6.1
6.78
5.86
6.16
7.4
7.96
6.11
8.29
7.31
5.16
3.21
4.56
1.9
1.15
1.21
2.39
3.17
2.77
2.12
4.79
3.64
5.71
4.26
4.22
4.74
2.66
6.22
6.94
6.97
6.28
6.43
6.37
5.18
3.99
5.68
4.91
3.78
3.62
2.3
2.66
3.14
2.88
3.01
1.06
3.86
1.62
1.8
2.87
3.24
2.82
2.88
4.51
4.01
3.76
0.563
1.71
2.53
2.11
1.83
2.16
1.02
2.26
2.13
2.07
1.92
1.06
2.63
2.05
2.74
1.16
2.38
2.19
1.45
1.17
2.04
1.4
0.0
3.23
2.31
2.62
1.42
1.4
2.04
1.98
1.14
2.06
2.04
0.292
5.69
8.89
6.5
6.79
9.42
6.78
7.67
4.25
8.03
3.52
4.06
3.46
2.99
4.81
1.62
5.1
3.43
0.78
0.0
0.423
0.022
2.49
5.89
0.0
0.011
7.36
3.37
3.08
0.737
1.12
1.53
1.57
2.09
1.02
1.56
1.97
3.29
0.0
1.73
5.25
4.63
2.91
2.68
3.3
3.88
3.07
3.29
3.86
4.18
4.66
2.76
2.31
2.09
1.7
1.52
1.71
8.12
12.7
14.0
14.0
14.5
13.3
10.3
9.97
10.0
10.2
9.27
10.0
9.74
6.33
7.15
10.1
9.73
9.2
9.74
9.98
12.1
11.4
9.52
12.1
10.9
11.2
10.3
9.76
7.93
12.3
8.55
6.29
5.47
5.59
6.8
6.56
7.05
6.32
4.87
4.42
3.04
2.55
3.11
3.13
3.16
1.36
2.28
3.59
3.39
2.89
4.67
4.41
4.24
3.6
3.54
3.89
4.92
3.07
2.12
1.29
0.997
0.52
0.39
0.618
0.574
0.802
0.888
1.01
0.877
0.39
0.249
1.52
1.14
0.119
1.28
0.726
0.531
0.0
1.62
2.27
1.56
1.26
0.931
0.964
1.88
1.52
0.357
0.043
0.0
1.06
2.23
3.38
3.63
3.66
3.46
0.0
0.0
0.0
0.0
0.0
0.0
2.08
1.38
0.357
0.0
0.0
0.0
0.0
0.032
0.0
1.78
0.357
0.52
2.19
2.82
3.39
3.95
4.57
3.51
5.22
6.39
6.34
6.93
7.99
8.06
6.29
7.61
8.07
7.18
7.26
6.84
6.37
4.86
2.97
0.0
1.36
0.0
0.0
0.0
0.0
0.0
0.0
0.0
0.011
13.6
5.83
5.43
0.974
4.13
5.88
5.23
5.87
6.46
5.72
5.59
5.88
5.44
5.71
6.96
6.66
6.15
5.13
5.64
5.35
7.58
6.68
6.94
6.46
6.65
5.29
4.27
3.8
2.48
1.13
3.77
3.29
5.02
4.55
4.54
3.86
4.55
3.5
4.03
2.53
3.01
2.31
1.55
3.05
3.15
1.4
1.36
1.45
0.802
0.737
0.715
0.271
0.0
0.0
0.0
0.0
0.0
0.0
0.0
0.0
0.0
0.0
0.0
0.0
0.0
0.0
0.0
0.0
0.0
0.0
0.0
0.0
0.0
0.0
0.0
0.0
0.0
0.0
0.0
0.0
0.0
0.0
0.0
0.0
0.977
6.01
8.44
12.3
15.3
19.4
15.2
16.7
17.5
14.2
17.8
18.5
17.2
17.9
17.2
13.6
18.5
16.1
13.6
13.8
12.3
14.7
14.3
14.5
12.4
7.72
10.2
9.33
11.2
6.55
8.1
1.07
0.227
1.68
0.087
0.629
0.0
0.0
0.0
0.065
2.76
0.552
1.1
0.78
0.91
0.065
0.0
0.0
2.73
1.22
0.444
1.02
0.682
0.0
0.0
1.73
0.0
3.18
1.92
1.79
2.73
2.36
2.81
2.44
1.12
1.53
3.88
8.04
9.55
7.8
6.95
8.49
7.95
8.32
6.48
6.74
2.11
0.0
0.0
0.0
3.09
4.6
4.37
3.44
2.84
3.42
4.58
3.18
1.35
3.86
4.33
3.78
3.87
3.73
0.0
4.5
8.96
3.17
8.41
3.31
7.17
5.16
4.3
4.0
1.43
3.76
2.5
4.7
5.1
5.13
4.59
6.41
6.68
6.49
6.21
7.41
7.29
6.43
3.7
2.01
1.36
1.84
2.11
2.36
2.96
3.46
3.08
1.35
5.28
2.95
2.99
2.3
0.0
3.62
1.2
3.8
0.541
0.0
6.45
2.6
3.28
3.02
4.06
4.57
1.73
3.66
4.21
3.27
2.66
3.04
2.64
3.35
3.44
3.26
2.97
4.43
3.6
3.37
3.79
3.24
3.61
3.8
3.87
3.25
3.62
2.97
3.16
2.81
3.54
3.22
3.16
3.44
3.07
3.62
4.06
1.95
4.26
4.11
1.48
1.71
1.94
0.791
0.108
0.0
0.0
0.0
0.0
0.0
0.0
0.0
0.0
0.0
0.0
0.011
0.011
0.011
0.271
0.162
0.184
0.032
0.141
0.0
0.0
0.011
0.0
0.0
0.0
0.022
0.022
0.076
0.087
0.173
0.542
0.747
0.921
1.1
1.14
0.942
1.58
1.92
1.74
1.87
2.24
2.6
1.53
0.065
0.325
0.043
0.152
0.379
0.0
0.0
0.0
0.325
0.769
0.996
0.628
1.61
0.867
1.36
0.13
0.433
0.433
1.43
1.48
1.07
0.856
0.227
1.79
1.56
0.921
0.607
1.3
0.812
1.78
1.35
2.29
1.49
2.65
2.03
1.6
2.58
2.55
4.12
2.9
5.0
4.87
3.87
4.32
5.59
1.84
4.64
4.19
5.47
2.73
4.68
5.68
5.65
5.76
6.65
5.98
3.76
4.97
5.9
4.39
3.44
5.45
6.13
6.37
5.55
7.89
4.27
5.46
7.55
9.48
8.48
6.8
7.92
6.07
8.19
7.93
5.33
7.76
4.3
4.03
3.79
5.42
5.02
4.91
5.0
4.92
4.57
0.379
1.64
1.6
1.73
1.28
1.3
0.78
0.986
0.877
0.888
1.27
0.65
0.054
0.975
0.563
0.173
0.065
0.217
0.152
0.596
0.531
0.411
0.141
1.14
2.07
0.0
1.31
0.574
0.412
0.552
1.34
0.997
1.13
1.21
1.4
1.74
1.23
2.43
1.95
2.17
2.47
3.09
1.71
1.62
0.878
0.585
0.444
0.0
0.0
0.0
0.0
0.0
0.0
0.0
0.0
0.0
0.0
0.0
0.0
2.47
3.93
3.01
4.53
5.78
6.01
4.8
6.12
4.32
4.44
3.57
4.07
4.14
3.43
4.77
2.57
2.73
3.85
3.88
4.34
3.59
3.93
2.79
2.49
3.12
3.35
2.83
2.29
2.57
3.66
3.18
3.55
2.51
3.57
1.58
3.46
2.01
3.26
3.17
2.2
0.542
0.899
1.34
2.06
1.29
0.411
3.1
4.44
3.37
3.98
3.42
2.62
4.8
4.56
7.07
7.46
7.63
4.08
2.89
3.1
3.1
1.86
2.92
2.64
3.68
2.74
2.85
3.31
2.26
3.23
2.31
2.56
2.32
2.52
2.39
2.06
2.36
3.18
2.37
3.37
2.39
1.38
1.49
1.73
1.45
2.23
2.68
2.81
2.86
2.3
2.75
2.56
2.58
3.44
4.18
2.58
5.11
2.4
3.41
7.88
5.48
7.92
2.98
4.83
4.83
5.51
4.46
5.73
4.16
4.81
3.79
2.24
1.53
3.27
3.93
0.964
1.76
3.79
1.23
6.52
3.62
0.455
0.477
7.09
4.56
7.92
4.61
3.44
0.585
0.975
0.0
4.45
9.53
9.73
5.07
6.61
6.94
5.16
5.3
6.02
4.56
4.39
8.34
5.86
7.76
9.3
8.1
5.44
5.11
8.04
2.08
7.8
3.69
7.82
8.12
6.09
8.7
7.8
7.16
11.0
4.85
8.85
10.5
9.73
9.6
9.01
9.89
9.93
8.65
10.5
10.5
10.3
10.8
10.5
10.4
10.7
12.1
9.34
10.6
11.8
12.3
9.41
10.7
8.73
14.3
9.51
11.1
10.0
6.88
13.9
12.0
12.3
10.5
2.83
5.83
5.24
1.69
8.7
5.72
2.76
6.83
5.02
2.48
4.3
0.628
2.5
2.52
3.21
2.19
3.23
3.23
2.57
3.48
1.1
5.32
1.59
5.63
2.69
3.81
3.23
5.76
3.49
2.47
1.19
0.932
4.73
4.48
4.06
3.72
0.0
0.0
5.93
7.58
6.83
7.2
11.1
5.03
0.0
2.34
5.03
5.98
7.96
8.03
7.31
7.68
6.94
8.11
9.51
9.49
10.2
5.72
6.91
6.78
8.3
6.85
6.63
7.21
6.55
5.28
6.0
3.89
6.08
7.17
7.53
5.25
4.58
9.12
7.72
9.38
7.04
4.5
10.2
7.95
9.45
9.49
11.1
10.7
10.2
10.9
10.8
8.96
18.0
15.2
13.4
16.6
15.4
10.9
17.1
13.4
14.7
16.6
12.1
13.7
13.8
12.7
16.7
12.2
6.02
6.48
3.24
1.7
2.11
1.19
1.31
1.16
2.18
2.64
1.04
1.41
0.986
1.18
0.845
1.43
1.32
1.82
0.91
1.38
3.16
1.98
5.94
6.37
4.05
7.07
6.1
2.6
0.0
0.0
0.0
0.0
0.011
8.74
0.26
0.498
0.26
0.325
0.455
0.303
0.606
0.585
1.93
1.02
1.15
1.78
1.8
1.66
3.13
0.0
0.163
5.24
2.97
0.163
6.01
2.73
1.36
1.63
3.79
2.62
0.336
0.0
3.63
1.4
1.98
3.48
1.09
2.39
1.19
2.75
1.22
0.856
1.27
2.01
1.29
1.42
2.06
0.769
3.43
1.23
1.97
1.17
1.34
0.477
1.47
0.802
0.455
1.47
1.04
0.672
2.33
4.39
1.02
1.91
1.26
1.49
1.28
0.899
3.05
2.59
1.23
2.99
1.45
0.671
1.32
1.42
1.49
2.11
2.39
1.6
2.03
2.6
3.4
3.4
4.19
3.09
4.85
4.48
7.28
6.25
0.227
12.4
3.96
0.0
12.2
4.37
5.54
6.38
5.02
5.0
6.07
5.95
3.72
5.28
6.34
5.96
6.4
0.0
14.5
11.1
13.2
8.75
10.8
9.44
4.29
8.09
5.13
6.42
7.01
5.7
5.53
5.88
4.94
5.45
6.16
4.15
7.77
5.4
13.1
10.6
4.63
14.3
4.89
9.19
8.8
7.91
11.3
3.85
20.4
10.1
3.42
14.7
14.5
4.7
0.715
0.0
1.01
2.56
0.0
0.0
0.0
0.0
0.087
10.7
1.41
1.32
1.84
1.11
1.39
1.08
6.23
1.88
4.71
6.63
3.18
4.4
5.0
0.0
5.21
0.076
0.0
0.032
3.86
0.0
1.96
2.7
0.0
0.0
0.0
0.0
1.95
3.25
3.63
4.9
4.31
3.18
3.68
4.85
4.77
3.95
3.5
3.05
1.69
2.21
12.1
12.1
11.5
9.8
9.23
6.93
7.4
7.98
0.227
1.13
0.0
0.011
9.61
2.97
2.53
0.79
1.96
3.25
3.59
3.65
3.48
3.73
3.25
2.88
2.97
2.81
3.24
2.92
2.98
3.85
3.07
3.2
3.85
3.09
3.42
3.52
3.6
3.46
4.01
4.18
3.82
3.27
2.95
2.97
3.55
3.13
2.88
2.57
1.16
0.585
0.162
0.0
0.0
0.0
0.141
6.78
2.74
4.76
2.59
4.04
1.2
2.21
3.77
4.02
5.88
6.01
7.44
6.82
6.5
6.19
5.73
6.66
6.43
6.66
7.12
6.69
6.78
4.31
6.78
7.89
7.57
9.32
8.28
9.73
3.29
5.83
6.1
7.86
7.33
7.08
7.7
7.09
7.91
8.12
8.55
8.29
8.87
6.65
6.67
6.6
6.39
6.75
6.64
7.12
7.24
6.63
6.93
7.16
7.83
6.07
7.71
6.81
6.82
7.29
8.46
7.11
8.23
8.25
6.59
8.49
8.18
5.95
10.3
8.49
8.17
8.45
8.49
8.49
7.74
7.3
4.88
8.21
7.03
6.67
6.28
5.04
4.6
2.25
15.3
12.9
9.94
11.8
13.9
12.0
4.31
14.5
8.29
14.8
11.6
11.8
12.2
6.15
13.8
11.2
8.41
7.9
5.82
5.42
5.81
4.38
3.47
3.99
1.95
3.83
4.45
4.78
6.87
7.54
8.81
11.1
7.47
9.87
10.1
8.73
14.3
12.5
12.3
8.5
0.368
0.13
5.04
7.27
6.75
6.71
6.82
6.24
5.94
5.46
5.3
5.98
5.59
5.47
5.61
5.89
4.48
0.661
8.38
4.93
5.48
5.09
6.04
7.19
6.87
4.56
9.66
7.07
7.62
7.21
6.34
5.62
6.88
6.78
6.88
7.03
6.39
6.09
5.8
5.45
5.81
6.96
7.64
7.14
5.2
5.28
5.45
6.92
5.81
5.75
5.63
3.22
3.83
3.65
4.87
1.81
3.33
3.14
1.13
2.96
6.09
7.03
8.56
5.74
3.64
6.1
6.45
6.93
6.25
4.85
2.05
5.59
3.61
3.62
6.53
5.47
6.99
1.34
0.0
0.0
2.17
2.7
3.51
0.964
6.26
5.35
7.59
6.42
4.91
8.64
7.41
5.95
6.56
7.67
7.67
7.8
4.83
2.62
5.43
4.57
5.57
5.35
7.77
5.48
6.53
6.34
6.78
7.05
6.39
5.25
7.67
8.0
7.93
10.6
8.4
10.4
9.39
9.03
9.0
8.87
10.0
10.7
9.22
11.3
11.6
11.1
9.39
5.46
3.94
7.85
1.15
2.76
3.73
6.59
4.53
0.119
0.0
3.77
5.41
3.07
1.68
1.51
1.32
2.03
3.18
0.227
2.98
1.97
1.22
1.41
0.802
2.58
0.725
0.531
0.054
0.725
0.0
0.0
0.0
0.011
0.0
6.42
2.62
0.92
0.336
5.54
0.65
0.0
0.0
0.39
0.78
2.42
2.38
2.53
3.21
2.61
1.81
2.69
2.64
1.65
2.97
1.28
1.41
1.93
3.14
3.09
1.91
3.51
2.37
3.72
3.83
1.87
2.41
3.36
2.78
1.34
1.25
1.61
2.72
1.69
2.11
2.01
2.42
1.75
0.0
0.011
6.7
2.47
2.13
3.35
3.0
1.52
1.96
2.07
1.83
4.41
1.73
2.35
0.347
0.0
3.22
0.542
0.65
0.953
1.73
0.282
0.217
0.0
0.0
0.0
2.02
5.51
8.7
6.16
8.54
11.8
9.56
6.43
4.91
6.38
8.12
6.39
2.94
7.57
9.67
10.9
10.2
12.4
12.2
12.9
10.2
9.38
10.7
11.6
5.91
4.32
5.58
3.53
4.83
3.16
1.37
4.92
4.28
4.81
4.27
3.07
3.54
4.8
4.69
5.7
5.03
6.0
5.55
4.77
2.65
2.85
2.84
3.68
3.9
3.63
4.41
3.49
2.95
3.92
3.74
3.69
5.34
3.91
3.96
5.19
4.7
4.56
1.4
4.71
2.6
2.09
1.34
1.73
0.964
1.23
1.35
1.19
0.996
2.68
3.63
4.46
3.02
1.92
2.94
2.62
2.36
2.46
2.18
1.55
1.53
1.72
1.54
0.032
0.0
0.0
0.0
0.0
0.011
0.032
0.011
0.0
0.0
0.0
0.0
0.0
0.0
0.0
0.0
0.0
0.0
0.0
0.0
0.0
0.0
0.0
0.0
0.0
0.0
0.0
0.0
0.0
0.0
0.0
0.0
0.0
0.0
0.0
0.0
0.0
0.0
0.0
0.0
0.0
0.0
0.0
0.0
0.0
0.0
0.0
0.271
0.596
0.412
0.097
0.0
0.0
0.0
0.0
0.011
0.531
0.726
0.314
0.043
0.304
0.563
0.563
0.574
0.433
0.098
0.13
0.997
0.942
1.16
1.44
1.13
2.26
2.42
1.34
1.45
0.163
0.379
2.74
1.73
1.42
0.975
2.17
2.0
2.7
1.86
1.65
1.2
1.52
0.964
1.73
2.1
1.02
1.75
0.909
1.02
2.32
3.05
2.23
3.13
2.96
1.8
1.78
2.51
3.23
0.671
0.433
2.25
0.238
2.06
0.412
1.04
1.49
1.54
0.845
2.17
3.08
1.19
0.585
2.85
1.57
1.23
2.9
0.011
5.87
7.7
7.63
8.23
3.05
10.8
8.12
3.95
8.79
6.83
6.76
6.07
4.82
6.81
6.14
7.67
3.14
7.48
4.3
8.32
4.94
5.51
5.02
5.57
6.83
7.05
7.48
6.6
7.79
7.81
7.33
5.87
4.12
4.6
5.19
7.18
7.08
4.4
5.64
7.21
7.9
5.7
5.04
4.89
5.97
4.8
5.8
7.54
4.31
3.82
4.47
5.34
6.89
7.32
7.33
5.8
5.32
5.03
4.15
3.33
4.86
4.86
3.79
2.01
0.726
0.487
0.098
0.26
0.119
0.022
0.0
0.0
0.0
0.0
0.0
0.0
0.0
0.0
0.0
0.0
0.0
0.0
0.0
0.0
0.0
0.0
0.0
0.0
0.0
0.0
0.0
0.0
0.0
0.0
0.0
0.0
0.0
0.0
0.0
0.0
0.0
0.0
0.0
0.0
0.0
0.0
0.0
0.0
0.0
0.0
0.0
0.0
0.0
0.0
0.0
0.0
0.0
0.011
0.0
0.0
2.45
2.1
2.66
2.1
4.05
1.1
1.11
0.531
0.0
0.0
0.0
0.0
0.0
0.0
0.0
0.0
0.0
0.846
2.89
2.48
1.95
2.12
0.022
0.0
0.011
2.17
3.83
4.74
6.2
7.14
6.82
4.71
5.16
3.55
3.9
0.812
4.26
3.6
3.35
3.14
3.49
5.43
8.16
5.82
4.57
3.15
1.95
2.5
0.0
1.59
4.32
2.13
2.43
1.06
1.53
3.05
2.89
2.22
4.41
1.33
0.965
4.74
8.58
7.91
9.72
7.55
7.91
8.42
6.7
9.94
9.68
10.2
5.65
4.72
3.94
4.58
9.24
5.1
5.35
7.81
4.2
4.02
3.41
4.06
6.28
4.83
4.6
5.81
4.67
2.83
5.24
5.47
10.5
10.7
8.09
7.26
6.83
2.88
3.37
3.88
7.23
5.75
5.2
7.38
6.23
10.8
4.39
8.12
8.05
7.63
5.1
3.92
1.97
2.5
2.24
0.0
0.0
0.0
0.0
0.0
0.0
0.0
0.0
0.0
0.0
0.0
0.0
0.0
0.0
0.0
0.0
0.0
0.0
8.18
4.28
3.05
3.29
4.13
6.36
7.24
8.22
6.73
9.83
2.31
2.59
7.44
8.7
3.27
6.59
5.88
7.85
8.18
8.19
7.46
5.17
6.06
5.61
5.85
8.32
7.54
7.95
5.74
5.57
8.46
7.03
4.16
7.09
7.08
6.51
2.6
6.28
3.67
7.54
8.69
8.88
7.4
9.59
4.77
6.09
9.04
7.08
3.26
7.51
7.33
7.51
6.56
5.22
8.96
8.04
9.22
3.48
6.4
6.14
5.16
10.5
6.73
3.76
3.68
3.61
0.953
8.9
7.52
10.1
9.84
4.99
7.44
8.03
8.64
9.24
10.2
10.1
6.93
1.26
0.0
0.0
0.0
0.0
4.92
6.83
5.71
8.29
7.56
7.59
6.09
7.07
2.48
6.32
4.17
4.67
5.56
4.08
4.73
4.69
4.83
4.63
5.02
5.46
6.73
6.0
6.16
5.46
5.12
4.38
3.74
4.45
4.01
4.12
2.86
3.96
3.53
2.83
2.99
2.92
2.76
2.89
3.09
2.97
3.11
3.03
3.31
2.63
3.27
3.18
3.73
3.54
3.46
3.6
3.59
4.32
4.15
4.17
4.02
4.33
4.05
3.77
3.93
4.08
4.01
3.73
4.08
3.43
3.69
3.64
3.2
2.98
3.56
3.62
3.93
3.51
3.2
3.53
3.75
4.03
3.93
3.95
4.15
3.49
3.77
3.8
3.34
3.68
3.61
0.909
5.0
5.69
4.74
4.51
5.72
6.24
4.65
3.38
4.72
5.88
5.07
4.91
5.68
4.07
3.79
3.6
3.21
3.27
5.52
6.08
6.67
5.09
6.93
8.9
5.37
6.26
6.48
5.14
7.86
5.84
7.07
6.28
6.17
6.87
3.39
5.66
2.16
5.32
8.88
8.21
7.35
6.21
5.97
8.13
8.55
7.95
7.67
6.88
3.77
7.82
6.64
5.71
7.17
8.8
8.5
4.78
7.56
5.5
6.02
5.67
6.77
5.95
6.23
5.98
6.56
7.56
8.96
5.62
6.25
4.89
6.07
6.87
5.23
5.92
5.2
5.42
4.76
5.18
5.31
5.56
6.28
4.9
5.15
4.99
5.94
5.98
5.87
3.42
5.26
4.09
4.05
3.57
5.25
9.52
7.7
9.26
9.53
9.8
8.07
8.59
8.06
9.17
6.99
5.86
5.32
2.77
5.62
4.33
5.35
5.19
4.06
1.49
3.87
1.82
3.07
6.55
2.7
2.9
2.57
4.51
4.22
4.29
3.88
2.01
1.47
1.34
1.86
6.42
10.3
8.12
4.58
4.16
3.98
2.37
5.46
5.8
6.37
6.54
4.5
4.93
6.45
6.11
4.03
9.7
3.8
7.83
7.19
5.59
5.98
2.31
8.27
14.0
11.0
9.54
9.65
9.73
3.78
12.7
11.9
11.9
9.79
13.1
11.0
8.96
5.1
2.37
0.0
6.01
4.78
3.09
4.86
2.5
3.77
2.64
3.42
2.0
1.49
3.07
1.99
2.49
3.5
3.43
3.31
3.37
3.37
2.84
3.93
4.15
3.6
1.45
1.69
8.23
7.47
8.26
8.88
2.71
4.96
7.96
5.8
6.27
7.92
5.77
0.249
0.618
13.6
7.31
2.05
1.08
0.0
0.0
5.28
1.17
1.84
0.899
0.065
0.77
1.13
1.03
1.67
1.7
1.06
1.78
1.31
1.12
1.21
1.45
0.769
2.57
0.531
2.28
1.9
1.78
2.16
2.0
1.93
2.21
1.38
1.43
1.05
0.91
1.8
1.66
2.23
1.17
2.24
3.27
3.57
1.41
3.49
2.58
4.21
4.82
1.97
1.87
2.6
2.31
3.75
3.12
3.14
3.25
2.16
3.15
0.996
1.34
2.29
1.57
1.73
1.26
1.56
1.65
2.82
10.6
4.95
5.83
3.24
4.83
3.35
2.99
3.14
5.69
5.17
0.0
0.0
4.58
8.93
10.4
9.53
9.46
8.62
10.6
9.71
8.55
7.95
6.51
5.35
5.68
4.41
3.3
6.67
10.2
9.53
14.4
9.94
12.5
13.9
11.9
14.1
13.3
11.2
10.1
9.31
8.83
9.1
8.96
4.86
7.55
9.79
8.36
10.1
9.75
7.16
8.44
7.76
9.79
11.1
8.86
11.4
8.13
11.0
11.1
7.85
5.91
2.68
3.3
9.87
0.704
2.74
3.73
3.0
6.54
6.71
13.6
10.9
6.79
12.0
15.8
12.9
13.1
10.9
10.4
12.4
14.5
11.2
8.95
8.19
11.8
8.15
4.31
4.92
6.02
3.75
3.31
3.64
1.86
0.52
1.96
1.44
1.59
1.49
2.95
20.8
19.3
20.5
20.0
21.6
18.0
16.1
21.6
4.68
13.1
14.1
14.8
15.2
16.4
17.2
14.0
15.8
15.3
16.6
15.5
14.0
14.5
10.3
8.59
11.1
10.9
11.9
11.8
12.9
13.3
8.75
18.8
12.0
11.3
11.0
11.7
16.9
15.5
9.73
11.5
12.4
10.2
9.42
7.59
3.68
1.14
1.4
1.21
4.52
6.26
6.6
1.25
1.81
0.563
0.022
0.0
6.98
5.55
5.74
5.22
4.55
8.42
7.3
10.5
3.42
17.2
20.5
8.99
4.61
9.82
11.7
11.6
17.6
14.9
15.5
11.1
8.89
14.3
11.0
18.7
10.3
8.73
6.28
5.1
9.65
7.07
8.7
8.02
7.82
6.93
7.66
7.91
8.09
7.9
4.78
5.37
6.53
6.07
6.08
6.17
6.54
6.98
7.58
6.21
5.28
4.79
4.81
2.89
3.33
3.53
3.83
4.96
6.85
7.38
4.14
5.52
10.0
17.0
20.4
15.5
17.2
20.1
20.4
18.6
15.0
9.81
9.55
10.0
8.46
9.74
12.2
11.1
8.75
13.1
10.1
12.1
9.16
6.43
8.72
8.69
8.48
9.33
8.98
9.16
9.5
10.6
6.76
11.0
16.8
18.0
10.5
12.4
12.4
10.9
13.2
14.9
11.6
10.2
9.25
14.0
15.0
17.9
16.6
21.4
20.8
20.6
18.0
21.6
20.2
16.3
13.2
17.6
17.3
17.2
14.8
12.2
5.7
6.62
19.0
15.5
13.1
10.3
4.18
0.0
0.011
1.11
5.45
0.563
5.5
0.715
1.45
2.49
1.8
3.98
5.8
4.9
3.27
5.94
4.73
2.78
7.07
4.87
7.05
6.79
6.32
6.34
5.26
6.5
4.27
3.21
5.88
2.83
5.56
3.95
5.69
2.49
6.33
5.76
1.29
4.27
3.36
3.13
4.39
8.07
5.21
3.5
2.4
3.35
3.11
3.55
3.81
2.76
8.7
3.82
4.63
1.77
2.63
4.4
4.33
15.8
19.9
17.4
13.3
5.11
11.6
17.7
17.0
12.7
11.6
13.6
14.6
15.1
10.1
6.47
9.05
7.28
9.51
8.65
9.22
12.0
10.7
12.9
12.0
17.3
19.3
16.5
16.0
15.1
13.0
12.0
7.12
12.0
11.9
8.69
9.32
9.36
8.08
8.83
9.57
10.3
8.15
8.77
11.6
11.6
12.3
13.9
9.11
8.89
12.6
12.3
16.1
11.9
10.9
11.3
11.5
11.9
9.04
8.97
7.63
7.2
5.94
5.89
5.0
3.36
3.88
0.769
3.09
1.86
1.82
4.87
7.42
5.95
2.62
6.37
8.82
8.1
6.43
3.34
7.79
3.18
1.59
2.4
2.74
1.33
4.49
1.23
2.63
3.27
6.58
4.95
8.82
7.81
7.65
10.1
9.6
8.43
11.9
12.5
14.6
13.1
13.8
6.14
3.94
6.51
8.55
8.55
8.13
7.35
7.17
6.5
7.21
7.43
7.63
7.56
6.61
5.28
5.62
5.43
5.69
4.69
4.37
7.36
7.34
7.76
7.94
6.98
6.77
7.74
5.21
7.16
9.3
7.5
8.41
4.21
9.85
7.81
9.76
8.78
8.77
5.79
6.34
4.9
3.47
4.53
3.86
3.67
5.42
4.0
2.52
2.59
8.06
8.77
8.19
6.78
8.88
6.83
10.8
7.37
7.19
11.6
7.33
5.98
6.8
7.09
11.2
9.48
13.4
12.3
10.8
9.61
6.97
4.53
3.05
2.56
3.4
3.2
2.7
3.01
0.087
6.21
1.92
0.758
0.0
0.163
0.0
0.0
0.0
0.011
0.0
0.0
0.0
0.0
0.0
0.0
0.0
0.0
0.0
0.0
0.0
0.0
0.0
0.0
0.0
0.0
0.0
0.0
0.0
0.0
0.0
0.0
0.802
7.16
2.99
10.2
14.6
14.2
16.1
14.8
13.4
16.3
17.6
17.4
13.2
12.7
12.2
14.1
13.6
12.2
12.6
14.7
14.6
14.0
11.4
4.55
0.0
0.011
0.0
0.054
0.0
0.0
0.0
0.0
0.0
0.0
0.0
0.0
0.0
0.0
0.0
0.0
0.0
0.0
0.0
0.0
0.0
0.0
0.0
0.0
2.93
5.15
6.0
5.69
4.76
1.56
1.51
1.79
0.065
15.6
14.6
16.1
13.0
11.8
6.8
6.38
6.07
5.3
5.89
4.01
5.18
5.56
5.28
4.74
4.78
4.99
4.7
5.91
5.04
5.23
5.59
4.84
6.43
6.01
5.86
6.63
5.96
7.85
8.05
7.87
7.67
6.07
7.86
8.05
7.04
6.4
6.44
4.33
6.06
4.92
5.28
3.65
7.16
4.77
6.63
4.38
2.05
0.422
1.8
0.802
0.108
0.032
0.596
0.455
0.054
0.0
1.6
2.16
2.12
1.65
1.52
1.16
1.74
1.7
2.09
2.6
1.83
1.96
3.87
3.54
4.38
5.68
5.97
4.57
5.17
6.05
6.25
5.88
6.17
4.74
4.69
4.07
4.73
3.96
4.38
3.88
3.89
2.83
4.26
2.08
5.57
3.99
2.81
2.13
2.21
2.46
2.12
1.96
2.04
2.82
2.04
2.57
1.99
0.152
4.97
8.44
20.3
15.3
11.5
2.4
0.0
2.1
2.25
1.34
0.087
0.465
0.0
0.011
7.8
1.08
0.791
1.44
1.94
1.66
2.01
2.88
1.81
2.22
2.46
0.714
4.4
2.18
0.877
0.0
4.84
1.82
1.94
0.877
0.0
0.0
0.0
0.0
0.0
0.0
0.011
0.022
0.682
1.47
8.58
1.92
4.3
4.25
5.37
5.47
4.53
4.96
6.82
7.39
6.59
7.35
6.94
3.51
6.08
1.21
3.27
3.01
2.63
2.9
1.4
2.58
1.83
2.76
3.62
4.81
3.77
3.9
4.5
5.16
5.34
4.99
4.89
5.66
4.8
4.46
5.06
5.64
5.48
4.51
4.51
5.21
4.96
5.16
4.81
4.91
4.74
4.38
4.05
2.55
0.054
2.47
0.422
0.325
0.726
1.19
1.7
2.17
2.03
2.44
3.42
2.12
1.74
4.16
4.32
3.43
2.32
2.12
1.93
1.85
1.39
1.92
1.31
0.0
0.0
0.0
1.18
6.93
6.39
4.69
1.14
0.0
0.022
2.15
0.0
0.0
0.0
8.48
2.59
1.26
0.195
0.173
0.108
0.0
0.0
0.282
0.0
0.0
0.0
0.0
0.0
0.0
0.0
0.0
0.0
0.0
0.0
0.0
0.0
0.0
0.032
2.13
4.0
4.87
4.73
4.89
4.82
5.15
5.5
2.96
3.95
4.6
0.996
5.12
2.25
2.73
2.17
2.07
1.96
2.08
2.13
0.303
0.087
0.0
0.0
0.0
0.0
0.0
1.86
11.0
5.43
5.96
4.58
4.64
3.43
3.82
4.35
2.15
0.0
0.0
0.0
0.0
0.0
0.0
0.0
0.0
0.0
0.0
0.0
0.0
0.0
0.0
0.0
0.0
0.0
0.0
0.0
0.0
0.0
0.0
0.0
0.0
0.0
0.0
0.011
0.217
0.0
0.0
0.0
0.0
0.0
0.0
1.51
3.66
7.8
9.54
7.45
0.823
6.68
4.46
0.032
0.0
1.2
0.964
0.0
0.0
0.0
0.0
0.0
0.0
0.0
0.0
0.0
0.585
0.661
0.0
0.0
4.4
1.73
2.21
2.73
1.99
2.72
3.07
2.83
2.27
1.96
1.08
0.162
0.184
0.65
0.812
0.509
0.227
1.3
1.22
0.271
0.076
2.82
4.23
2.92
2.57
3.11
2.75
2.63
2.58
2.73
2.65
2.82
2.72
3.13
2.72
2.9
2.79
2.44
2.69
2.65
2.98
2.94
1.95
1.28
0.932
0.845
1.2
1.26
1.79
2.27
1.44
0.0
0.0
0.0
0.0
0.0
0.0
0.0
0.0
0.0
0.0
0.0
0.0
0.0
0.076
1.06
0.141
0.0
0.0
0.0
0.0
0.0
0.0
0.0
0.0
0.0
0.0
0.0
0.0
0.163
9.79
2.34
2.11
1.25
1.92
1.99
2.29
1.16
0.422
3.08
2.14
3.37
2.59
1.55
1.72
2.47
2.62
2.51
2.43
2.17
2.57
2.89
3.12
2.42
3.12
2.96
1.9
2.58
2.21
2.86
2.29
2.72
1.99
1.72
2.16
1.15
1.66
1.86
1.19
1.92
0.509
6.66
5.32
5.56
6.42
4.42
2.69
4.13
3.94
4.98
2.84
2.75
3.0
4.35
1.55
0.303
5.02
2.74
3.12
2.47
3.29
2.03
1.88
1.62
1.3
1.17
1.26
0.867
0.758
0.823
1.02
9.36
9.84
10.3
6.17
0.358
1.61
0.0
0.0
0.921
0.022
0.0
0.0
0.0
6.53
0.022
1.27
1.92
0.574
2.19
2.06
1.23
1.53
2.63
2.29
0.769
0.238
0.0
0.0
3.32
7.59
8.48
5.74
1.95
3.08
2.88
3.38
5.28
16.2
12.1
11.3
9.71
14.8
12.6
13.5
14.4
16.2
12.9
13.3
10.7
11.2
13.9
10.5
12.3
11.1
12.3
13.2
7.96
9.17
9.24
6.32
9.66
12.9
10.5
9.72
8.46
8.25
9.01
6.93
8.9
8.9
10.6
8.16
1.62
2.75
3.05
3.36
1.78
2.6
3.28
2.45
2.61
2.71
2.71
1.67
2.21
2.3
2.04
2.49
3.32
3.46
0.0
0.011
0.076
14.7
14.0
7.4
4.56
0.293
0.856
5.47
3.05
2.95
5.16
4.9
2.25
0.802
1.19
0.0
0.0
0.0
0.0
4.9
2.66
2.84
2.45
1.66
3.13
1.67
5.0
4.7
8.54
9.09
6.94
10.4
5.34
4.72
4.56
11.6
4.34
8.05
2.57
11.1
8.8
10.4
7.54
12.9
6.22
7.04
7.56
15.0
8.31
7.69
10.1
9.3
13.4
9.84
7.28
6.67
9.6
11.2
14.1
14.0
14.3
11.6
15.4
14.2
11.1
6.89
4.3
2.14
4.57
2.76
4.46
1.71
2.86
2.85
2.08
0.0
0.011
5.81
7.35
6.13
9.19
4.48
2.24
1.41
0.714
0.0
2.45
5.58
6.27
6.26
6.11
5.22
4.59
4.33
2.9
4.38
6.16
3.69
2.34
2.88
2.01
2.14
5.24
6.88
7.33
5.78
5.34
7.69
6.77
7.43
7.29
3.92
6.84
8.43
7.6
7.53
5.47
7.57
7.12
5.28
5.09
7.41
7.04
6.77
7.05
7.74
7.42
7.34
7.06
8.38
7.56
7.79
5.61
6.67
6.29
4.85
7.74
5.97
7.47
7.41
4.56
6.53
4.57
6.01
6.66
7.08
7.09
5.05
5.09
7.24
6.9
8.19
7.95
7.03
5.45
0.195
6.95
3.52
2.57
3.99
2.97
6.13
3.53
3.11
4.04
3.16
4.18
3.89
1.72
1.86
2.37
1.55
0.0
1.35
4.19
2.73
2.76
1.1
2.29
2.21
2.76
1.59
1.3
3.86
0.888
2.77
2.64
3.77
0.412
2.21
3.95
2.77
1.72
1.6
0.0
0.0
4.61
4.99
2.88
2.6
1.12
2.96
3.38
0.065
0.0
0.0
0.0
14.7
8.71
9.6
4.55
4.66
3.12
3.47
5.35
8.55
9.9
5.32
7.29
7.94
4.88
2.96
0.0
1.54
3.47
2.36
4.13
2.46
4.44
2.32
4.42
3.51
3.83
3.7
4.94
5.2
0.26
9.67
3.03
3.91
5.04
6.48
9.36
2.49
6.08
2.83
5.66
2.25
4.03
10.6
7.97
4.41
3.0
2.31
1.49
4.8
5.01
3.6
6.98
8.74
3.54
7.17
2.66
5.4
7.72
7.11
7.71
5.13
3.87
0.866
7.39
4.65
2.22
9.51
4.68
4.82
3.11
0.867
4.92
0.791
2.1
1.73
1.47
3.38
5.41
2.56
3.57
1.67
3.21
1.53
1.53
1.78
2.04
0.0
3.56
0.108
7.83
5.03
4.9
6.23
6.74
8.7
10.8
4.73
2.79
1.1
2.34
0.411
4.08
0.779
1.39
1.02
1.4
1.01
1.36
1.89
6.01
2.0
1.96
2.0
0.953
2.47
2.25
3.01
1.46
3.54
4.44
2.71
4.78
3.56
1.47
4.88
3.63
4.55
2.26
6.77
3.8
1.66
1.98
2.4
3.31
3.55
3.91
5.51
4.03
4.67
4.47
4.81
3.35
1.18
4.05
4.54
0.0
4.5
3.88
2.04
2.53
4.02
2.66
3.69
2.05
2.61
1.8
2.52
2.36
1.35
3.49
2.56
2.96
3.39
2.49
3.99
2.03
1.14
0.0
3.1
6.17
3.04
1.32
1.5
1.62
0.032
2.05
0.672
0.823
0.932
5.69
2.68
0.0
3.68
3.4
0.715
1.1
1.04
1.15
2.42
2.35
0.921
0.065
2.03
0.011
0.0
0.434
1.93
0.249
0.953
1.47
2.51
2.92
3.02
2.73
1.48
1.54
1.19
1.53
0.867
1.35
1.11
0.834
1.99
1.56
0.725
1.62
0.78
0.282
0.498
0.607
2.72
0.975
1.44
1.16
1.41
0.997
1.79
1.21
1.66
1.02
0.65
1.21
0.032
0.011
4.34
1.65
1.12
1.79
0.845
2.01
1.79
2.27
2.6
2.01
2.14
1.33
1.97
1.58
1.33
2.84
1.88
1.72
2.65
1.3
1.61
0.964
3.21
2.05
1.54
2.09
1.7
1.51
1.13
1.66
2.32
2.24
1.42
1.82
0.856
0.53
1.77
0.78
0.314
1.43
0.336
5.2
5.44
3.23
3.06
3.72
4.54
2.38
0.726
2.19
1.59
0.0
4.22
5.36
5.62
4.89
3.28
0.022
0.087
0.0
0.0
0.0
0.0
1.47
4.48
5.37
5.34
4.33
4.82
2.83
15.1
10.2
2.16
3.02
2.99
2.08
1.65
1.67
1.55
3.46
1.86
2.91
2.09
6.49
4.41
3.87
4.31
7.5
5.3
8.96
4.91
8.1
7.59
6.64
7.3
4.33
0.087
8.86
3.12
5.51
4.65
5.31
4.33
6.15
5.81
6.66
9.54
7.53
10.1
4.25
10.7
14.8
12.7
11.4
10.7
6.78
7.7
5.14
2.84
5.24
5.07
6.21
5.11
7.8
7.55
3.89
7.0
9.3
9.4
8.68
8.6
6.2
2.61
2.65
7.18
0.899
2.2
1.05
2.38
2.72
4.45
3.93
2.11
4.53
2.75
3.69
4.4
5.0
5.09
6.34
6.24
5.87
2.04
8.56
10.6
9.77
5.17
8.2
9.28
7.34
5.76
8.04
5.94
5.95
6.59
6.8
7.18
7.69
6.73
6.85
6.81
7.7
6.13
3.64
4.83
6.15
6.28
7.31
7.41
6.87
7.35
7.51
7.37
7.42
6.95
7.46
7.15
6.7
6.76
7.15
7.29
7.67
6.86
8.21
7.83
7.4
7.98
7.68
6.42
9.25
8.64
8.45
7.86
6.85
9.48
7.11
6.48
7.26
6.72
3.58
1.48
0.812
0.0
0.0
4.02
6.4
7.52
6.67
7.47
5.06
5.96
4.01
1.15
5.75
5.69
6.98
8.05
5.51
8.63
7.81
4.55
6.09
5.49
2.8
2.67
3.7
2.17
6.82
5.39
6.0
3.9
4.04
3.35
2.91
1.36
4.17
3.34
1.42
2.65
0.758
1.45
1.77
2.11
2.01
1.08
1.49
1.45
2.27
1.36
3.22
2.07
1.1
1.44
1.93
3.04
2.48
3.2
3.08
2.5
2.65
3.04
1.42
3.44
3.11
2.42
0.0
1.1
2.04
2.56
2.6
3.09
2.57
3.12
3.12
2.76
2.51
2.73
2.32
1.54
2.42
3.12
2.68
2.08
1.67
2.04
2.59
2.77
3.51
0.768
3.22
3.3
5.79
3.26
0.476
4.56
2.29
1.57
1.19
1.48
5.12
2.18
2.5
2.13
2.13
2.03
2.55
2.26
0.888
2.83
2.36
2.25
2.23
2.33
1.8
2.06
6.75
4.65
4.55
4.3
3.19
3.59
2.55
1.69
4.63
11.7
10.7
7.13
10.9
7.05
9.27
8.35
8.09
0.942
4.76
1.64
4.24
0.931
3.32
3.25
13.8
12.5
2.07
4.69
0.0
2.49
2.42
2.97
4.2
3.68
6.25
2.72
3.23
4.63
6.2
5.38
3.62
3.3
8.16
3.67
3.29
6.79
4.21
4.69
5.99
0.693
7.12
5.11
3.14
5.7
6.63
3.7
4.44
5.82
1.64
3.95
4.38
2.61
3.01
3.34
6.11
2.14
5.26
4.75
3.49
3.13
6.19
4.14
3.33
5.17
2.45
6.27
2.42
2.82
6.51
3.74
2.18
3.56
2.16
2.47
1.48
2.21
3.39
1.82
0.0
4.84
1.56
2.21
1.6
1.03
0.0
3.56
0.921
2.82
3.15
2.1
0.0
2.57
1.6
3.9
2.88
2.86
1.84
2.79
1.96
2.98
3.56
3.09
3.0
2.96
2.73
3.13
4.28
2.94
3.36
2.01
3.29
3.18
2.76
2.26
1.77
2.48
1.54
1.65
1.09
1.69
2.75
1.55
2.48
1.84
4.01
1.77
2.11
2.13
2.62
3.76
2.82
3.26
2.01
1.48
2.03
2.98
1.12
2.95
2.32
2.33
2.37
2.1
2.57
1.93
2.87
1.32
1.9
1.06
1.88
2.56
1.43
1.15
0.997
1.08
1.98
1.56
1.31
2.11
1.4
1.52
1.31
0.714
0.0
1.37
1.25
0.877
0.022
0.0
0.0
0.0
0.217
3.04
4.14
5.11
5.88
4.77
6.23
7.67
6.59
7.11
6.08
4.51
3.56
4.52
4.07
3.47
7.05
6.04
7.14
7.72
6.42
5.55
6.55
5.96
5.59
5.47
5.52
1.72
0.032
0.227
0.0
0.0
0.0
0.0
0.0
0.0
0.0
0.0
0.694
0.65
0.0
0.0
0.0
0.0
0.0
0.0
0.0
0.0
0.0
0.0
0.0
0.0
0.0
0.0
0.0
0.0
0.0
0.802
1.52
1.32
1.27
1.29
1.1
1.05
1.64
1.79
1.64
1.44
1.32
1.42
1.85
1.61
1.66
1.33
1.09
1.56
1.55
1.57
1.36
1.56
1.6
1.78
1.59
1.46
2.25
1.29
2.09
1.6
1.71
1.64
1.31
1.47
1.32
1.4
1.33
1.31
1.69
1.75
1.72
1.73
1.93
2.29
2.07
1.68
1.09
3.75
2.59
2.22
0.498
1.83
2.98
1.74
2.03
2.77
2.56
1.61
3.55
4.93
5.03
5.16
5.72
5.17
2.94
1.81
3.29
4.72
0.715
2.31
1.53
1.54
0.0
3.71
1.43
1.79
0.921
0.682
0.0
0.0
0.0
1.42
1.78
4.75
3.41
1.2
3.54
3.22
4.65
3.49
4.99
2.99
3.64
2.0
3.6
2.37
3.57
0.791
1.16
0.0
0.0
0.0
1.36
5.6
1.86
7.43
8.21
8.56
10.0
10.7
11.1
11.2
10.5
9.84
10.8
11.2
8.93
10.0
5.96
11.2
8.33
8.15
8.96
9.15
9.43
8.22
11.3
5.74
9.11
6.93
1.57
5.88
5.25
4.58
4.48
6.25
6.36
7.89
9.06
8.84
5.85
7.12
7.41
8.37
9.27
8.6
9.06
9.19
9.64
8.59
6.24
7.07
7.13
7.66
7.69
8.28
7.33
6.83
7.4
7.08
7.02
5.94
3.48
4.11
0.791
1.85
0.119
0.043
0.022
0.043
0.0
0.0
0.0
0.0
0.0
0.0
0.0
0.0
0.0
0.0
0.0
0.0
0.0
0.0
0.0
0.0
0.0
0.0
0.0
0.0
0.0
0.0
0.0
0.0
0.0
0.0
0.0
0.0
0.0
0.0
0.0
0.0
3.56
8.75
10.2
8.6
5.88
11.0
6.73
6.83
5.32
11.7
2.72
2.57
7.98
4.37
2.43
1.94
7.35
2.66
0.0
0.0
0.0
0.0
0.0
0.0
0.0
8.76
4.02
1.2
2.72
3.95
1.55
3.09
1.44
2.34
2.19
4.97
2.38
3.72
4.23
2.91
2.15
2.4
2.76
3.81
0.844
5.1
2.34
2.62
2.56
2.89
1.12
3.21
4.58
3.72
3.19
5.4
4.77
4.21
4.77
5.07
5.43
3.17
2.27
3.26
2.25
4.44
3.92
3.43
3.03
4.32
5.66
3.92
5.25
4.88
4.95
0.0
12.5
1.33
1.61
0.433
9.64
0.0
0.0
6.22
0.844
4.07
0.639
3.29
0.303
1.21
2.21
3.23
1.43
2.26
2.89
4.68
4.04
4.33
4.76
5.83
5.31
1.03
2.1
7.44
3.34
0.195
5.64
0.0
1.14
2.59
1.4
2.29
1.54
0.0
0.878
0.0
0.0
1.03
3.62
2.79
2.36
2.52
1.95
0.173
1.38
0.282
0.13
0.693
1.4
1.7
1.78
1.93
2.74
3.0
3.51
3.9
4.6
5.93
6.82
6.82
6.43
6.85
6.45
6.91
6.36
7.52
9.82
10.3
7.83
8.97
8.68
9.64
9.59
9.88
10.0
10.3
10.0
9.28
9.54
8.34
11.5
8.93
10.3
10.3
9.74
11.0
11.4
10.3
10.2
9.87
6.89
9.64
9.13
5.74
11.4
8.71
10.1
9.79
9.0
9.77
8.8
9.64
9.3
10.0
8.97
9.69
9.0
8.41
8.81
9.13
7.42
8.59
10.5
9.2
9.61
8.77
8.58
7.35
11.3
8.3
9.23
7.83
8.04
8.52
8.82
9.06
9.16
8.26
8.12
7.8
8.46
9.22
8.88
9.48
9.77
11.6
10.8
9.86
9.6
10.8
9.72
8.38
7.15
9.26
4.47
8.7
7.04
7.01
8.21
7.97
8.26
8.43
8.98
9.6
11.1
9.64
10.6
10.6
10.5
10.0
9.04
2.57
0.0
3.2
3.1
3.34
0.281
3.34
2.72
2.87
2.98
3.79
3.52
3.64
2.69
3.55
2.17
4.51
2.87
3.35
1.98
3.87
2.72
4.28
3.17
4.0
3.92
4.47
3.73
4.11
4.74
4.54
4.05
4.48
5.0
4.12
4.24
3.7
5.89
5.1
4.85
2.91
0.422
0.0
2.2
0.0
0.011
0.411
0.293
0.054
0.022
0.238
0.0
0.011
0.0
0.087
0.0
0.0
0.0
0.0
0.0
0.0
0.0
0.0
0.0
0.0
0.0
0.0
0.0
0.0
0.0
0.0
0.0
0.0
0.0
0.0
0.0
0.0
0.0
0.0
0.0
0.0
0.0
0.0
0.0
0.0
0.0
0.0
0.0
0.0
0.0
0.011
0.585
1.09
1.2
0.812
2.78
1.79
3.48
1.82
1.25
4.92
1.68
3.16
4.01
3.88
4.31
3.44
2.79
3.3
3.17
1.34
2.1
2.29
2.11
3.26
2.82
3.17
3.15
4.26
4.05
6.28
4.89
4.57
4.29
3.79
2.7
1.47
2.49
4.24
3.3
4.25
4.97
3.73
2.56
1.23
0.975
3.03
2.5
1.1
1.28
0.867
2.1
0.422
0.617
0.0
0.0
0.0
0.0
0.011
0.0
0.0
2.59
1.32
2.54
1.22
0.845
1.26
1.56
1.3
1.41
1.67
2.17
1.88
0.0
0.011
3.4
4.56
2.79
1.98
1.91
2.47
1.94
1.01
1.2
5.25
5.8
1.87
0.011
4.97
1.88
1.87
2.66
2.12
2.74
1.9
3.51
2.21
2.08
2.67
1.64
1.53
2.04
2.29
2.22
2.45
1.71
3.47
2.17
3.07
1.73
2.97
1.96
4.11
1.64
0.0
0.032
8.43
1.18
2.51
2.34
1.99
0.444
1.42
1.49
1.75
1.84
2.24
2.3
2.33
2.79
0.888
0.921
0.0
3.88
0.292
1.67
3.16
4.16
6.02
4.66
6.98
5.63
5.96
7.34
5.11
3.47
2.99
6.5
5.5
10.3
6.44
7.71
5.39
13.0
3.81
9.49
6.93
10.3
5.93
5.42
3.15
14.4
12.6
15.4
15.2
14.8
9.6
16.6
10.5
12.6
10.3
8.5
11.4
8.62
10.3
11.2
11.1
7.88
12.1
10.5
9.4
6.74
8.1
9.34
9.45
4.79
0.953
0.358
6.95
3.21
3.33
3.53
3.87
3.41
3.55
2.72
3.0
2.91
2.85
2.47
2.63
2.72
2.91
2.94
2.79
2.82
3.22
2.66
2.89
3.27
2.97
3.39
3.17
3.1
3.24
3.18
3.52
3.21
2.62
2.5
2.84
3.36
3.6
3.63
3.62
3.69
4.31
5.18
4.86
4.79
3.61
5.57
4.5
4.52
4.97
5.07
5.72
5.09
5.08
5.99
3.91
5.08
5.22
5.15
5.33
5.28
5.96
4.77
6.29
6.21
4.19
7.28
5.81
1.44
3.89
6.47
7.43
7.45
5.5
5.21
9.07
6.5
8.98
10.2
9.49
9.13
10.0
3.8
5.5
6.46
4.11
1.93
4.82
2.11
2.49
1.28
2.92
4.04
3.64
4.06
5.7
7.35
7.92
10.0
11.8
10.8
10.8
10.6
11.4
9.88
10.1
6.13
9.29
12.2
11.0
10.1
10.2
10.8
9.93
10.2
10.4
11.2
9.39
7.24
8.23
2.33
8.86
7.26
8.29
5.95
9.19
9.43
8.75
9.56
8.84
7.97
7.73
8.62
8.21
8.87
8.99
8.93
7.28
7.92
3.56
9.29
8.21
8.64
10.5
9.47
10.5
10.8
9.75
8.97
9.99
9.35
10.4
10.2
10.4
9.5
8.99
10.1
9.92
9.09
9.55
8.9
5.24
7.64
5.39
7.31
7.98
6.96
7.76
7.08
7.29
8.55
7.76
7.54
7.21
4.99
6.86
9.11
8.69
11.7
11.9
6.04
7.04
6.09
6.32
6.06
5.1
5.7
5.3
6.39
6.17
5.29
5.37
5.3
4.71
3.77
3.87
4.01
0.52
8.03
6.24
6.03
4.82
6.24
4.28
4.05
2.12
1.29
0.607
0.282
6.59
5.09
5.59
8.54
9.97
8.62
8.4
8.87
8.7
8.81
7.61
7.89
8.07
6.45
6.39
7.31
7.16
8.58
9.41
0.054
12.1
8.73
9.47
9.2
9.01
8.59
8.87
8.63
7.38
9.64
9.45
9.39
9.47
9.98
9.75
9.65
9.15
8.08
8.02
8.26
9.35
9.26
9.14
9.32
9.56
7.52
9.64
8.48
7.57
7.87
5.98
5.35
2.59
3.76
3.17
0.011
2.76
0.0
11.4
3.51
0.0
4.86
2.6
3.07
3.87
2.33
1.68
9.13
4.77
5.28
5.82
5.32
4.96
4.83
5.0
5.95
5.73
5.5
5.96
2.5
1.22
0.0
7.57
6.35
12.0
10.0
8.07
11.0
10.3
8.82
1.82
4.23
5.59
5.34
7.11
6.11
6.95
8.1
8.09
8.08
7.56
5.06
7.04
7.29
9.55
9.86
9.11
11.0
10.7
11.6
10.7
10.4
10.7
8.77
10.1
10.3
9.35
10.2
11.3
9.79
9.82
9.13
9.42
9.3
5.33
7.56
2.99
4.55
4.25
3.16
2.03
2.66
1.74
2.68
2.53
2.72
3.1
4.02
1.55
2.36
3.18
2.53
3.59
1.93
1.86
2.45
2.25
3.07
2.58
2.09
2.09
2.39
5.29
0.942
5.38
7.53
7.03
9.24
5.76
7.9
7.69
10.3
5.77
9.82
7.01
6.87
8.86
6.24
6.38
4.48
6.69
4.17
3.3
1.84
0.888
0.997
4.42
0.715
6.59
10.5
19.4
15.7
11.5
3.46
1.62
4.48
9.66
3.1
5.2
2.44
6.73
6.89
5.55
6.6
13.9
6.61
2.88
4.12
7.63
5.38
13.4
7.97
10.2
5.78
7.33
7.12
5.38
8.88
9.26
10.1
13.4
14.7
7.95
6.68
4.37
0.996
13.7
7.17
5.03
6.58
7.32
8.15
8.32
9.27
4.34
8.86
9.15
7.79
7.62
7.42
7.79
9.6
7.98
8.58
9.51
8.26
8.3
7.78
5.12
2.99
1.36
5.36
4.72
4.29
3.16
4.62
3.85
6.58
8.04
10.2
6.5
4.05
8.02
6.41
11.9
10.6
9.19
10.6
7.83
13.0
11.4
9.46
7.14
4.72
8.4
5.57
3.41
2.51
3.1
5.62
5.28
3.87
3.77
2.99
0.476
7.1
8.13
7.37
10.6
11.0
10.6
9.88
10.2
4.85
6.43
7.41
8.42
6.63
6.63
10.7
7.35
9.68
12.4
10.9
11.2
12.4
11.7
11.3
11.4
12.0
8.93
9.24
9.16
9.2
10.1
4.96
2.53
3.03
3.64
2.82
2.95
5.42
2.62
2.64
2.71
4.35
3.9
4.0
6.66
5.45
4.0
6.93
6.23
5.1
3.47
5.58
4.36
7.77
9.69
9.27
9.63
8.06
6.2
0.747
0.661
11.3
11.2
11.1
8.8
6.52
10.3
9.3
9.12
5.56
1.79
7.67
0.184
0.032
2.85
0.271
1.83
1.94
0.682
2.24
1.99
2.88
3.53
1.6
2.36
3.66
0.0
1.63
5.99
4.46
4.58
4.27
4.17
5.32
5.65
5.7
2.25
4.94
7.64
4.98
9.37
8.61
8.43
8.07
8.97
8.62
9.55
9.28
9.12
9.16
8.89
9.01
7.77
4.34
6.17
5.18
8.59
5.51
8.84
7.63
5.56
5.63
4.18
8.29
8.73
5.92
8.55
8.81
9.49
8.95
8.68
9.06
9.73
9.37
9.63
9.74
9.72
11.6
9.72
10.7
10.5
10.2
11.2
10.2
11.2
9.9
12.2
9.85
8.73
8.45
9.74
9.07
8.98
9.54
11.1
10.7
10.3
11.8
11.1
7.61
4.44
3.87
6.44
6.1
4.66
6.79
7.06
6.46
7.16
6.09
6.95
2.86
6.71
7.54
5.39
6.49
5.6
6.03
5.99
5.16
11.5
5.92
9.12
2.71
0.173
0.0
4.09
3.24
1.13
1.47
1.88
2.58
1.69
1.89
1.94
4.58
2.66
3.08
2.71
3.09
2.88
1.43
0.043
16.0
6.03
4.15
2.96
2.61
4.81
6.21
5.88
6.81
4.91
5.35
5.12
4.77
4.62
5.04
4.31
2.46
6.03
3.9
4.29
5.55
2.25
4.3
3.95
4.78
3.95
6.43
6.2
6.54
6.2
4.85
3.14
