5.08
5.6
5.46
5.21
4.26
4.8
5.22
4.8
4.7
4.61
5.25
5.23
4.87
5.31
5.36
4.95
4.65
4.9
4.71
5.13
6.3
5.1
6.11
4.54
5.2
5.09
4.16
5.07
5.23
4.42
3.91
4.84
4.43
5.22
3.66
4.27
4.66
4.38
3.75
4.5
5.59
5.9
5.69
4.81
5.45
5.85
5.16
5.0
5.89
4.97
6.02
4.84
6.56
5.55
6.48
6.11
7.1
6.28
5.59
5.42
5.13
4.85
5.53
5.63
5.03
4.59
4.3
5.38
5.47
4.05
4.45
5.46
3.98
5.77
5.26
4.47
4.96
4.78
7.45
5.55
6.87
4.31
6.24
6.19
5.77
5.85
6.16
5.38
4.87
5.9
4.14
5.48
6.23
5.0
6.66
7.31
6.33
6.56
0.0
0.0
6.94
2.53
6.21
5.99
6.65
5.87
7.0
3.67
6.13
3.88
6.49
7.51
7.99
7.99
7.48
8.08
7.34
8.08
6.94
6.19
4.87
5.35
6.27
5.1
5.19
4.77
6.34
5.9
5.64
5.48
6.71
6.54
5.82
6.21
5.98
6.53
5.49
6.17
6.28
5.84
5.55
5.19
5.87
8.52
7.5
6.46
5.98
7.31
7.4
6.92
3.95
6.8
5.75
5.71
5.28
2.45
0.379
1.75
2.81
3.07
2.98
0.357
2.45
2.05
0.986
0.0
0.0
0.011
0.076
0.054
0.271
0.0
0.0
0.0
0.0
0.0
1.42
0.412
0.444
0.227
0.618
2.06
2.59
3.15
2.95
3.08
0.043
0.0
1.66
3.44
3.06
1.53
2.42
0.0
0.846
3.65
2.88
2.22
0.0
0.997
0.173
0.0
0.011
0.065
0.0
0.0
0.412
0.0
0.206
0.184
0.661
1.26
1.78
2.36
3.22
1.83
0.0
0.0
0.0
0.032
0.032
0.011
0.011
0.0
0.0
0.0
0.011
0.0
0.0
0.0
0.0
0.0
0.076
0.0
0.011
0.0
0.0
0.0
0.011
0.011
0.011
0.162
0.098
0.032
0.141
0.022
0.0
0.239
0.401
0.596
0.997
0.52
0.867
0.726
0.931
0.671
0.737
0.867
0.466
0.0
0.737
2.58
4.55
2.62
1.71
0.162
0.0
0.0
1.29
3.42
2.59
2.59
3.3
3.57
3.52
3.87
3.73
3.79
4.65
5.33
3.63
1.91
1.19
0.216
1.51
1.43
0.401
0.0
0.0
0.466
0.0
0.0
0.0
0.076
1.57
0.184
0.271
0.39
0.628
1.17
0.856
0.498
0.0
0.0
0.0
0.13
5.49
1.46
1.83
1.2
2.44
2.35
2.16
1.13
2.13
4.75
5.72
3.78
3.85
3.37
4.0
2.05
2.98
3.3
2.6
2.32
2.79
2.2
0.412
2.77
0.953
0.043
0.271
3.46
1.45
2.05
0.585
1.77
1.54
2.32
2.55
3.68
3.09
2.45
2.35
2.52
1.48
2.09
2.27
1.97
2.69
2.33
2.2
1.81
1.9
1.8
2.16
2.66
1.99
1.28
1.56
1.17
0.509
1.44
1.42
1.3
1.6
0.769
1.26
0.282
0.607
0.715
0.292
0.0
0.347
0.0
0.0
0.0
0.0
0.0
0.0
4.63
4.51
4.61
7.43
11.3
9.81
6.95
9.49
4.42
7.92
5.0
0.563
0.0
0.0
0.0
0.531
3.14
0.639
1.77
0.672
1.73
1.81
2.96
2.95
1.74
3.21
2.05
0.996
0.022
2.76
2.31
2.12
2.04
2.84
3.62
4.61
5.63
4.55
5.24
4.66
2.76
3.78
4.93
4.17
2.69
2.35
3.75
3.82
2.49
3.18
2.73
0.964
1.61
1.41
0.856
1.53
2.06
2.1
6.21
0.13
8.53
5.05
5.03
6.87
9.69
10.7
9.99
8.72
6.46
12.8
13.1
12.4
10.7
14.1
17.2
14.5
2.32
7.44
9.59
10.4
10.0
9.23
9.36
6.88
8.16
9.84
7.23
10.7
15.5
14.3
12.5
5.61
11.8
13.6
9.1
5.64
13.2
7.22
6.55
11.1
8.2
12.5
13.3
13.9
8.7
9.94
11.5
7.19
9.41
8.39
12.0
11.5
10.8
12.3
9.28
9.04
9.97
7.63
11.2
6.64
7.53
4.97
0.0
4.44
3.09
2.59
0.921
1.04
1.1
1.3
0.422
0.043
0.0
0.726
1.4
2.75
0.368
2.28
1.23
1.27
1.1
2.38
2.0
4.52
4.34
3.95
6.32
7.16
10.1
10.0
6.82
5.33
4.83
12.8
2.32
2.84
5.37
4.35
3.83
6.2
5.89
7.19
10.2
11.0
8.5
10.6
5.13
14.0
9.26
11.6
11.7
11.6
12.2
12.3
11.9
12.1
11.9
13.3
13.0
13.2
10.2
13.4
13.3
12.6
12.4
10.1
13.6
11.6
12.9
11.6
11.7
9.99
12.0
13.2
12.6
11.7
11.8
13.3
12.5
11.6
11.9
12.0
11.1
12.6
12.3
13.0
11.6
12.2
13.3
12.2
5.69
6.63
6.92
7.57
6.98
8.13
7.0
6.19
7.74
6.0
1.39
5.74
3.03
6.53
2.12
6.93
5.08
0.866
1.84
4.42
3.05
5.11
3.83
3.08
4.16
4.23
4.75
0.0
0.076
6.42
0.65
0.0
0.0
0.0
0.0
0.0
0.878
2.26
2.2
0.996
0.303
0.0
2.52
2.04
2.88
2.96
4.65
5.69
5.83
7.79
7.55
5.69
9.54
8.86
9.11
9.04
9.84
9.45
7.59
8.66
8.82
8.93
9.2
9.53
9.37
9.79
9.5
8.64
9.19
9.48
9.51
8.42
8.81
6.69
8.81
8.75
8.82
8.82
9.71
8.46
9.14
8.02
9.3
8.59
8.84
8.99
9.71
10.1
10.6
9.63
9.99
11.5
10.2
8.59
8.8
8.96
7.59
6.4
5.96
5.04
4.31
6.24
4.73
9.19
8.03
0.0
0.0
1.44
0.227
0.0
0.0
0.0
0.011
7.89
0.0
0.0
3.58
3.55
1.45
3.23
2.06
1.23
2.36
1.85
1.1
0.0
5.48
3.28
2.79
2.6
1.95
2.23
1.58
1.71
1.42
3.09
5.87
2.81
1.75
1.54
0.368
5.53
5.22
4.78
2.71
1.83
3.07
2.77
3.52
0.303
0.011
2.76
2.23
2.24
2.18
2.6
2.11
2.1
1.93
1.98
2.29
1.93
1.84
1.46
1.22
2.35
1.09
1.66
1.41
2.0
1.6
1.55
1.41
1.08
1.1
0.997
0.455
1.54
2.06
0.368
0.0
3.21
1.55
2.07
3.31
1.97
1.69
0.856
5.99
1.47
2.63
0.141
2.68
3.58
2.31
3.37
2.49
1.34
1.88
1.78
2.95
5.61
3.68
1.02
0.563
0.477
2.37
2.14
1.83
1.12
3.25
3.02
2.81
0.877
2.44
2.91
2.88
2.16
3.85
1.86
3.14
2.6
1.39
1.39
2.71
1.14
2.49
2.7
2.81
4.12
1.32
5.34
2.97
2.69
1.82
2.49
3.78
3.79
4.78
6.74
4.42
1.25
1.84
1.72
2.01
2.64
1.45
3.05
2.81
2.82
3.76
1.73
3.5
2.37
1.93
2.42
2.92
3.78
4.16
3.75
3.27
4.29
2.06
1.48
1.4
3.08
2.9
2.17
2.01
1.81
1.39
2.27
3.01
1.3
3.44
3.99
3.1
1.34
3.43
0.985
3.94
5.35
2.26
5.42
1.47
4.49
1.22
0.054
0.0
0.802
3.4
3.5
3.11
3.05
3.48
2.01
3.37
2.83
3.02
2.42
1.87
2.45
1.43
1.15
1.4
3.3
4.13
1.2
1.19
1.55
2.13
1.65
1.64
1.72
1.58
1.73
2.17
2.1
2.13
2.04
2.4
1.95
0.011
0.0
4.28
2.6
2.14
2.73
1.09
1.7
2.43
1.05
0.011
0.0
0.0
2.41
1.54
1.94
3.11
2.3
1.36
0.672
2.52
1.51
1.79
1.36
0.758
0.552
0.303
0.52
0.401
1.4
0.726
2.13
1.39
0.238
0.455
0.076
1.29
4.09
2.75
3.68
0.672
1.4
5.06
0.78
2.12
1.47
0.043
0.0
0.0
6.01
6.24
5.65
6.5
5.98
6.92
4.88
7.54
7.15
10.2
11.3
11.0
12.0
3.0
0.032
5.21
5.99
5.05
6.66
6.41
9.07
5.81
3.92
6.5
5.34
5.5
3.94
6.2
5.61
5.75
5.76
5.47
5.07
5.13
6.26
4.07
8.0
6.62
5.96
6.79
6.2
6.28
6.34
6.01
4.29
6.59
4.83
5.43
5.42
5.92
5.47
5.85
5.26
4.47
4.52
5.82
6.13
3.95
5.34
6.64
4.53
5.21
4.59
3.2
8.14
13.5
10.6
5.73
10.4
10.1
11.2
12.4
11.5
9.99
8.42
12.5
8.96
10.1
10.0
1.12
0.0
0.0
0.445
2.49
1.98
1.95
2.43
3.23
1.21
4.37
3.07
2.14
1.58
2.98
4.73
3.41
2.12
4.39
2.17
3.29
2.31
0.043
0.0
2.2
5.37
1.15
0.0
0.434
3.6
3.59
3.22
2.26
2.37
3.04
2.91
2.58
2.71
2.99
2.95
1.98
4.52
3.55
3.5
3.15
2.48
2.85
2.36
2.11
2.47
2.37
2.97
3.34
3.65
3.56
2.45
1.01
4.13
2.18
2.03
2.43
1.98
1.92
1.65
1.26
1.77
1.49
1.97
0.0
3.68
2.16
2.43
2.5
2.21
1.52
2.67
2.19
1.81
2.06
1.55
0.26
0.986
6.12
1.79
1.73
0.986
1.55
4.71
4.7
2.55
2.36
5.32
3.23
0.184
0.0
1.97
3.52
2.66
2.62
3.47
2.45
5.29
4.79
6.28
7.86
6.36
6.02
2.46
2.47
7.12
5.59
6.65
6.01
7.53
5.67
5.37
7.28
7.84
8.28
8.11
10.2
5.98
10.1
10.2
8.2
10.4
7.68
9.61
10.1
10.6
10.3
5.26
10.8
7.53
2.2
4.27
4.2
4.35
6.53
8.31
6.06
8.91
9.52
7.79
8.48
8.8
8.7
9.09
9.99
8.05
1.36
1.67
0.0
2.4
0.942
0.0
0.0
0.0
8.62
3.23
1.57
2.88
3.27
2.13
2.85
3.28
1.72
3.2
1.87
2.9
2.87
2.17
0.898
4.28
0.379
2.07
6.74
1.55
0.714
4.06
0.509
0.022
0.0
0.0
0.0
0.0
0.0
3.14
1.53
0.747
0.0
0.0
0.0
0.011
0.0
0.0
0.0
0.0
0.0
0.0
0.0
0.0
0.0
0.0
0.0
0.0
0.0
11.8
3.78
3.94
5.62
5.99
4.81
7.67
5.9
6.49
5.45
4.15
5.71
4.92
5.59
6.69
6.2
4.05
6.13
2.82
3.96
4.26
4.43
5.17
3.78
3.22
1.42
2.04
1.09
2.68
1.49
1.44
1.53
0.043
0.0
0.0
5.39
2.17
0.0
8.76
4.04
0.0
3.22
8.88
7.98
10.3
6.15
7.6
8.99
8.04
8.03
8.05
6.68
5.71
5.74
4.55
2.24
4.91
3.61
1.01
7.73
8.15
6.46
5.64
6.79
7.03
5.42
6.74
5.26
4.57
1.28
0.0
1.32
2.19
3.18
3.85
0.726
4.45
4.77
4.54
0.0
1.86
4.27
3.46
1.15
0.011
3.13
3.48
0.92
0.0
0.0
0.0
0.011
0.0
0.0
0.0
0.0
0.77
0.119
0.032
3.38
2.22
2.57
2.11
2.43
1.84
1.87
1.32
2.06
2.7
2.58
2.32
2.02
4.41
3.43
3.49
3.25
6.09
2.37
1.3
2.91
2.4
4.57
4.33
3.04
3.48
1.98
1.73
0.401
0.0
0.011
8.37
1.26
0.0
0.0
0.0
0.0
0.0
0.0
1.4
0.455
0.043
0.747
0.076
0.412
0.303
0.379
0.011
0.585
0.39
0.487
0.455
0.336
0.39
0.401
0.477
0.509
0.433
0.693
0.346
0.325
0.065
0.184
0.043
0.173
0.076
0.098
0.152
0.032
0.087
0.098
0.0
0.054
0.098
0.022
0.011
0.108
0.0
0.0
0.0
0.0
0.0
0.0
0.0
0.0
0.184
0.791
1.05
1.77
3.48
2.23
2.33
2.29
2.22
2.42
1.56
2.59
1.58
1.22
1.23
1.59
1.62
1.6
1.52
1.57
1.46
1.58
1.99
1.92
2.06
2.47
3.05
3.29
3.87
2.79
3.22
2.52
2.98
3.63
4.97
4.74
4.29
5.88
6.59
7.54
8.96
8.69
4.91
8.73
9.13
9.1
10.3
8.63
8.45
6.5
7.09
6.74
7.64
5.75
8.46
9.66
7.57
8.48
5.38
9.87
6.01
8.38
8.64
10.0
8.69
8.74
9.26
9.0
9.22
9.34
9.69
8.19
8.85
10.5
9.45
6.51
10.4
3.4
3.07
4.5
6.23
5.16
5.55
6.29
5.95
7.05
5.84
7.02
7.46
8.57
9.52
10.6
12.1
10.1
11.2
11.6
12.0
11.1
11.5
11.2
9.97
11.7
8.09
8.85
13.3
12.5
10.5
4.69
0.173
9.03
4.25
4.44
3.53
2.73
4.96
4.04
3.15
4.82
4.12
6.21
4.93
6.11
7.01
6.6
7.41
5.79
6.12
5.91
9.06
7.08
7.39
8.71
6.3
6.77
8.14
7.15
7.82
7.55
8.13
8.48
8.47
7.87
6.34
8.75
8.45
8.0
7.07
6.35
9.51
8.54
8.9
6.22
6.76
7.27
4.44
4.87
4.98
5.34
6.94
7.28
7.25
4.94
4.34
2.56
5.17
5.26
5.15
5.28
4.94
4.61
5.86
4.58
3.25
4.51
3.75
2.74
0.942
3.03
2.32
2.64
5.3
4.04
4.18
2.76
2.84
3.54
3.14
1.06
2.36
2.04
3.47
2.33
3.3
3.24
3.98
3.96
3.66
4.3
2.55
3.68
3.13
3.13
2.78
1.68
2.07
4.26
3.66
3.99
4.48
5.83
3.15
2.03
1.17
1.09
0.217
0.098
0.087
0.022
2.68
1.02
3.01
3.29
3.95
3.49
3.39
4.77
2.94
4.04
3.81
3.93
4.17
2.39
0.812
3.28
5.91
6.99
6.08
6.29
4.73
4.02
6.82
7.58
7.73
7.93
7.69
7.46
3.73
4.52
2.74
1.29
2.96
6.88
6.01
8.19
7.22
4.11
5.06
6.58
5.22
6.15
4.11
4.26
6.99
7.13
7.4
7.61
4.61
3.94
7.13
6.68
7.03
5.1
5.51
7.16
5.68
6.8
6.51
6.34
5.3
4.28
3.94
2.35
5.43
3.93
4.87
3.52
4.16
3.87
2.5
4.57
3.47
4.17
5.24
4.3
3.9
2.55
3.61
4.86
3.54
2.17
3.51
3.67
0.986
0.39
7.33
6.87
6.07
2.68
6.39
6.47
6.34
6.75
2.56
1.02
3.4
4.59
4.33
2.16
6.01
5.71
3.95
6.88
6.15
4.93
2.62
5.03
8.11
7.37
1.14
4.22
2.69
4.6
5.67
3.2
3.75
4.63
5.42
5.69
9.58
9.99
8.23
9.35
4.82
5.51
6.42
4.98
2.11
3.29
1.42
5.38
9.3
7.0
6.08
4.65
6.37
5.71
6.95
7.96
6.74
5.78
7.4
6.26
4.99
7.14
7.0
7.09
7.06
6.01
10.7
10.7
10.4
10.1
8.04
9.11
6.43
6.82
9.36
11.8
10.5
11.3
6.21
6.99
4.6
7.17
8.61
6.64
4.98
8.77
3.81
3.53
5.84
11.8
9.75
9.69
11.8
10.9
11.2
2.81
10.8
7.0
5.75
5.22
5.82
4.87
2.24
6.55
11.7
12.0
10.3
11.1
11.1
9.66
9.99
12.0
6.68
10.6
11.3
11.7
11.5
11.9
10.3
11.5
11.5
9.48
11.4
9.27
11.4
10.4
10.4
10.2
10.6
10.4
9.89
11.8
11.6
11.8
10.6
11.3
12.5
9.28
16.8
18.9
17.7
17.5
19.1
18.7
14.3
15.6
10.7
4.82
17.4
15.6
18.8
11.9
18.4
16.1
18.5
15.5
14.5
9.78
12.6
11.1
6.48
6.13
1.65
1.86
1.98
18.1
12.2
15.3
16.9
14.5
10.4
4.85
3.66
1.13
15.6
12.9
10.6
12.6
7.11
6.57
3.63
1.21
3.12
3.39
0.0
3.23
1.7
1.41
1.39
2.04
1.84
1.26
2.04
1.51
1.87
0.0
4.25
14.9
16.9
10.1
10.6
12.8
13.7
10.9
10.5
13.0
12.8
11.2
8.16
12.0
14.7
12.7
13.9
9.64
14.8
17.5
17.2
17.9
16.7
16.3
14.5
19.1
16.4
17.7
17.8
14.1
17.2
8.98
11.3
13.1
13.4
15.6
15.9
16.2
14.1
15.1
7.45
10.8
11.4
11.3
15.1
8.57
7.96
10.2
8.46
14.9
14.6
12.3
8.78
12.8
14.4
14.0
11.8
13.0
11.6
9.04
6.87
10.4
13.0
9.41
2.53
8.79
12.1
12.7
8.92
12.6
4.61
11.7
16.1
16.5
17.4
12.7
5.89
1.5
3.27
0.0
6.57
0.152
2.86
2.01
1.35
0.802
2.24
1.19
2.14
4.29
3.89
6.2
0.249
5.54
4.56
4.3
4.77
5.69
3.9
5.98
5.41
5.51
1.71
4.87
5.19
5.9
5.58
4.46
3.51
4.27
2.6
3.01
5.74
3.83
6.0
4.45
5.11
6.61
5.99
8.09
5.34
1.25
5.71
5.17
7.59
6.21
4.6
5.78
4.58
6.56
5.94
2.25
8.7
8.35
7.07
7.35
5.65
3.25
6.84
7.06
7.03
6.37
7.66
6.79
6.66
7.19
5.11
5.11
4.65
0.011
5.87
1.99
1.94
2.03
1.62
0.953
1.12
1.3
0.152
0.628
0.271
0.022
0.52
0.152
0.087
0.098
0.986
2.66
2.66
3.6
1.88
2.47
1.84
4.87
4.86
3.95
3.81
4.87
3.57
5.09
2.74
0.0
9.3
4.38
3.88
3.25
4.44
4.68
4.64
4.2
4.81
4.15
0.0
7.03
1.51
0.0
0.0
0.0
5.54
9.64
9.23
0.855
2.2
6.23
7.15
4.5
2.74
3.03
0.747
2.44
2.08
10.6
18.0
16.2
8.16
0.0
3.32
2.96
1.55
2.42
2.2
1.81
2.66
1.87
2.45
1.81
1.92
2.18
3.68
2.24
2.09
2.23
5.38
5.28
3.72
4.13
4.51
4.51
3.35
5.43
7.28
7.42
6.92
7.9
5.86
9.65
8.61
8.27
6.9
8.13
9.69
9.74
9.4
10.2
10.3
7.16
6.27
1.44
8.04
5.0
5.5
4.18
5.21
5.85
5.26
4.54
6.57
5.63
4.77
4.08
5.71
5.19
5.94
4.65
4.22
4.26
5.0
4.81
4.12
5.44
4.71
4.25
5.25
6.98
2.88
5.2
2.81
3.44
2.29
1.33
2.68
3.3
3.12
4.42
1.25
1.64
1.47
1.36
0.227
0.0
0.39
0.0
0.0
15.1
9.52
10.7
9.08
8.04
0.0
0.271
0.0
0.0
0.011
0.0
0.022
6.74
7.23
8.58
8.59
7.83
8.37
8.69
8.95
6.89
6.03
4.53
2.7
0.0
0.0
0.0
0.076
12.7
0.0
0.0
0.0
0.488
2.51
1.6
1.8
2.84
2.58
3.01
2.44
2.76
3.62
1.61
2.71
3.29
2.77
3.23
2.59
1.77
2.98
1.83
2.07
2.74
3.27
3.04
2.35
2.77
2.45
1.38
0.292
0.379
0.368
0.466
0.466
0.054
0.011
0.0
0.0
0.0
0.0
0.0
0.0
0.0
0.0
4.92
3.05
6.63
13.5
15.3
14.6
19.6
20.3
19.1
13.1
21.3
19.9
20.4
19.8
19.7
18.8
17.9
19.6
15.2
15.3
17.8
15.3
15.8
17.9
15.2
18.7
17.9
17.3
18.1
15.0
14.8
16.4
15.6
16.9
17.6
17.6
17.6
15.7
18.3
14.9
14.9
16.0
17.1
17.5
15.3
18.3
19.3
18.3
18.2
19.0
17.8
17.9
16.7
18.8
17.4
16.9
15.6
12.1
13.6
16.8
11.1
11.6
10.3
0.0
2.98
0.184
0.0
0.0
8.12
12.4
8.0
10.3
10.7
8.42
11.0
5.79
1.67
1.45
2.49
3.55
4.82
7.18
7.63
6.98
8.77
11.2
11.7
15.3
13.7
13.5
12.1
14.8
15.5
15.5
15.3
17.9
11.3
12.4
14.3
13.7
16.0
16.2
14.3
13.9
16.4
11.5
12.1
15.5
15.7
17.9
14.2
12.8
9.7
6.47
2.48
0.184
0.0
0.0
0.0
0.0
1.77
2.39
8.22
10.4
10.9
7.1
6.36
7.41
6.7
5.88
4.63
3.98
5.45
4.08
5.24
2.88
1.51
0.011
0.717
3.27
4.91
5.93
5.44
4.61
4.04
5.71
7.17
7.17
7.17
12.1
13.5
16.0
15.3
14.6
23.7
10.6
9.41
3.89
3.74
3.59
4.9
3.38
3.99
5.59
5.26
5.77
8.16
6.09
7.25
9.92
15.3
16.0
16.2
23.6
17.6
17.9
17.3
18.7
16.2
16.0
13.3
12.9
12.1
16.4
17.9
20.0
19.1
15.4
17.0
21.2
13.2
18.1
16.3
19.0
17.1
11.4
23.3
17.0
19.0
15.3
18.5
16.0
6.69
9.2
12.2
13.1
12.2
12.4
14.8
16.2
15.0
14.3
14.2
13.3
12.4
11.0
10.7
12.0
10.5
12.0
8.15
9.47
9.74
11.0
12.5
12.3
10.9
9.86
9.35
5.35
2.2
1.58
0.108
0.314
0.694
0.011
0.022
6.91
0.509
0.661
0.487
0.672
0.737
0.119
0.585
0.758
0.476
0.477
0.022
2.08
1.48
2.26
2.87
2.3
2.47
2.17
3.49
4.42
3.26
4.53
5.67
1.32
1.91
4.97
0.043
7.49
4.6
5.19
6.03
5.06
3.05
1.84
2.1
2.75
2.63
2.95
3.31
4.09
1.58
3.69
2.52
1.93
5.06
3.27
4.25
0.011
6.31
1.94
2.04
2.05
2.07
2.21
1.83
2.21
2.26
2.29
2.21
1.97
1.66
2.13
2.11
2.42
3.14
2.56
2.49
3.3
3.16
2.99
3.29
3.1
3.22
2.57
0.022
10.3
0.054
1.94
2.57
2.5
2.74
2.71
2.75
3.08
2.08
2.5
3.0
2.45
1.92
2.44
2.51
2.74
2.21
1.87
1.19
0.769
0.487
1.14
0.769
0.845
1.27
1.94
2.0
2.03
1.6
1.17
1.88
2.64
3.1
1.19
2.93
2.91
2.81
2.52
2.51
3.11
2.69
1.18
1.3
1.46
1.56
0.607
1.03
0.065
0.152
0.13
0.238
0.011
3.16
2.4
1.57
1.78
1.82
2.48
2.37
2.48
2.79
2.1
2.35
2.94
2.82
1.96
1.61
0.606
0.282
0.347
0.195
0.011
1.97
5.99
0.357
2.27
3.53
0.357
2.47
0.542
0.769
1.04
0.693
2.42
1.68
0.682
2.91
1.86
1.61
3.48
1.67
1.69
2.68
6.21
5.02
5.23
4.7
6.28
4.41
2.09
6.7
7.43
10.1
10.4
10.2
9.2
9.53
11.1
11.1
10.9
9.33
10.4
10.9
9.22
7.84
9.45
5.26
6.24
6.92
7.21
7.77
6.59
8.1
11.7
12.0
10.8
14.2
11.0
10.6
9.47
11.1
6.42
17.9
19.0
17.2
9.08
16.0
7.37
3.87
4.6
5.13
3.43
3.35
3.64
2.77
2.6
2.79
2.74
2.2
2.9
2.12
0.379
0.13
0.011
7.19
1.46
0.087
1.76
0.91
0.173
0.347
0.834
0.173
0.574
0.011
0.824
1.11
2.08
1.41
1.7
2.49
2.53
2.75
1.54
1.69
1.26
0.888
0.369
1.34
0.433
0.498
0.585
0.412
0.455
0.737
0.628
0.098
0.455
0.238
0.509
0.953
0.617
0.444
0.704
0.563
0.704
1.02
0.845
0.682
0.314
0.769
1.53
0.477
0.607
0.672
0.639
0.682
0.791
0.78
0.953
1.04
1.16
1.23
0.661
0.141
1.5
0.173
0.509
0.466
0.423
0.964
0.607
0.412
0.379
0.422
0.39
0.325
0.032
0.585
0.336
0.401
0.531
0.347
0.412
0.715
0.346
0.499
0.466
0.553
0.043
1.75
2.46
2.47
1.44
0.336
3.97
7.98
4.2
5.17
1.16
1.92
8.27
1.6
3.23
2.64
6.74
4.67
7.57
4.47
0.596
3.92
8.19
5.4
4.79
3.6
2.33
3.28
2.38
4.92
2.57
2.91
2.01
2.64
2.06
1.19
2.79
2.17
0.336
3.93
1.92
1.15
2.74
2.37
0.791
2.69
2.1
1.19
2.11
2.96
2.79
1.13
5.46
2.38
3.59
2.68
3.86
4.83
7.68
5.59
1.67
12.0
6.0
5.76
7.53
7.35
6.77
9.12
9.27
0.152
0.011
7.56
7.69
2.23
5.48
6.67
1.97
5.73
3.43
1.6
2.37
4.45
2.04
4.08
4.88
4.83
6.42
3.53
4.02
8.77
9.09
7.19
7.5
5.99
6.68
3.3
7.06
6.62
7.48
4.19
5.46
3.98
8.39
7.4
6.19
7.45
5.59
8.57
11.2
10.0
10.6
8.65
15.9
10.2
2.34
13.9
4.09
5.38
5.47
8.1
8.95
11.6
11.4
12.3
9.48
7.85
5.42
7.56
5.89
6.48
9.53
11.3
11.2
14.4
17.3
13.7
15.6
14.6
14.2
15.5
17.7
15.8
17.4
18.2
19.5
14.3
14.1
14.3
15.6
16.5
17.0
11.3
15.1
16.5
18.6
3.44
11.3
17.1
16.4
10.2
8.16
8.45
9.4
7.84
5.38
2.89
8.57
7.72
7.18
9.92
2.06
10.3
9.21
11.1
14.5
11.1
14.2
6.58
2.31
2.08
2.82
0.52
2.38
1.96
2.47
4.8
2.29
0.639
8.4
1.09
8.22
3.0
1.79
0.801
4.14
1.58
2.46
6.17
3.55
3.0
3.07
4.08
4.44
5.09
7.23
6.91
5.03
9.02
4.98
3.4
2.53
10.9
17.2
12.2
9.93
9.0
2.1
6.27
10.3
6.48
9.16
6.09
5.25
10.8
7.39
8.8
5.33
5.65
10.7
5.81
11.3
8.89
11.9
5.61
8.8
7.52
9.62
6.33
6.21
10.5
5.02
9.16
13.6
12.1
9.29
7.48
14.2
14.6
7.96
10.7
8.83
7.24
11.7
11.8
9.94
8.34
8.75
7.56
7.2
4.0
2.49
3.26
2.37
2.08
4.62
3.17
6.24
2.73
3.1
5.37
0.141
4.93
1.69
2.13
1.28
0.379
5.13
2.53
2.82
1.56
3.41
2.47
2.33
2.69
5.31
1.13
3.88
1.06
2.58
2.56
4.2
1.34
0.011
14.1
0.455
0.563
0.477
0.347
0.693
0.628
0.888
0.195
3.03
1.28
1.15
1.41
2.49
2.5
3.11
3.18
3.08
4.08
3.26
5.9
6.39
6.55
6.11
6.78
8.86
9.16
7.96
8.73
10.7
10.2
10.4
9.94
11.6
9.39
0.726
16.7
3.6
2.73
6.77
9.93
5.03
0.487
9.8
3.64
4.04
3.41
0.022
6.83
1.41
0.4
0.011
0.314
9.7
0.802
1.06
0.791
3.91
1.56
3.67
4.25
1.12
0.671
1.3
1.15
2.85
2.0
3.66
3.37
0.552
2.21
0.779
0.011
16.9
4.39
2.19
1.52
2.08
1.99
1.54
1.54
2.82
1.72
2.52
2.27
1.49
9.86
7.05
6.81
2.53
4.66
5.22
6.98
0.346
6.8
4.15
2.45
4.25
5.76
5.56
3.49
6.16
7.47
3.9
6.52
7.67
3.7
5.15
2.58
5.73
6.33
4.68
5.75
6.73
4.73
1.29
0.444
2.01
2.9
2.64
5.91
3.37
10.7
4.34
5.29
4.22
4.28
3.93
10.0
6.66
0.411
5.53
1.16
3.69
1.4
2.42
2.65
2.87
1.77
2.88
3.8
1.13
2.84
6.04
2.75
1.99
1.53
3.16
3.83
2.54
3.68
2.07
2.27
1.92
1.5
0.314
0.011
12.3
4.26
3.87
3.46
4.51
4.37
5.52
5.56
4.91
4.71
2.85
3.25
1.87
2.59
1.53
0.758
8.9
9.47
4.74
3.83
1.43
2.7
1.16
1.31
0.011
2.06
1.03
1.38
1.04
1.1
0.585
0.022
0.65
0.747
0.455
0.672
0.477
0.227
0.368
0.477
0.217
0.542
0.65
0.542
0.628
0.563
0.487
0.78
0.585
0.661
1.13
0.78
0.477
0.412
0.271
0.661
0.574
0.726
0.162
0.238
0.477
0.769
0.802
0.802
0.921
1.07
0.812
0.217
1.69
1.26
0.921
1.45
1.3
0.574
0.011
0.011
0.043
2.26
1.28
0.856
0.476
1.4
0.65
0.975
0.022
0.119
0.119
1.37
2.83
4.59
5.1
4.67
2.86
3.83
5.39
5.94
7.0
6.48
6.74
5.53
7.87
6.53
7.45
6.89
6.17
7.84
6.6
7.34
6.63
7.42
5.87
6.02
8.21
7.04
6.44
7.79
5.77
6.58
6.35
6.48
6.24
5.86
5.07
7.13
5.75
7.18
7.64
8.72
7.26
5.32
6.48
6.0
8.02
5.1
9.43
7.31
6.78
5.57
8.04
5.28
2.75
2.05
1.51
2.91
3.29
4.7
2.74
2.14
2.62
4.55
5.78
6.2
4.6
6.56
7.01
7.08
7.19
6.61
6.23
5.54
7.01
7.24
5.63
5.89
4.25
6.36
5.26
3.29
1.17
1.38
1.68
1.19
1.67
2.83
2.5
3.11
2.85
8.1
3.25
3.2
2.5
1.99
3.23
2.64
5.16
2.89
7.53
3.85
5.21
5.3
2.85
4.81
1.14
0.032
8.83
1.74
6.44
0.011
7.97
4.08
4.21
4.72
5.44
3.78
6.21
4.89
4.45
4.17
4.96
4.64
4.33
4.76
5.06
4.94
4.98
5.29
4.39
5.85
4.38
4.82
4.16
4.77
5.33
4.82
3.52
5.24
4.01
5.76
5.05
4.99
5.12
4.5
5.11
4.93
5.45
5.55
3.35
7.89
5.94
6.17
5.21
5.51
6.39
5.59
5.54
5.67
5.88
6.18
6.07
5.19
6.72
5.95
4.98
0.975
5.37
3.82
4.39
4.55
4.0
4.97
1.08
1.52
6.25
2.35
3.15
2.9
2.64
2.39
2.37
2.59
1.93
1.91
2.09
0.357
2.61
0.542
2.37
0.595
1.03
1.32
0.542
2.05
3.66
1.05
1.58
1.93
3.0
3.04
2.13
2.35
2.23
2.91
2.87
3.9
5.61
8.01
3.51
3.54
0.411
8.86
4.51
5.68
3.69
7.57
10.9
5.21
9.62
9.59
9.28
11.4
2.74
8.49
3.49
7.93
8.37
10.3
4.85
5.84
5.67
7.35
7.31
7.47
8.05
6.82
9.76
5.19
9.24
7.21
7.12
10.1
8.2
9.01
12.7
8.45
11.1
11.7
7.03
7.66
4.7
5.61
2.84
2.71
0.693
2.72
0.227
0.011
0.065
10.2
0.823
3.34
1.13
2.09
1.05
0.91
0.823
0.845
1.4
0.26
0.119
4.5
0.758
1.51
0.498
0.52
0.628
0.964
0.357
1.64
1.64
2.13
0.617
2.05
2.61
2.31
4.67
5.06
4.54
2.37
2.58
3.08
3.64
3.35
4.54
3.75
2.44
3.55
4.22
2.87
2.85
4.42
2.94
2.65
3.68
3.75
3.77
5.32
4.68
4.58
4.63
5.21
5.44
4.81
3.47
4.54
2.6
4.36
3.55
3.41
3.02
3.91
3.14
2.77
3.92
3.79
2.96
2.23
0.411
0.076
6.77
2.24
3.2
3.13
1.74
1.85
2.77
1.69
1.14
1.71
1.43
1.77
0.932
0.011
0.097
1.51
2.04
1.93
1.9
1.61
0.661
1.5
0.932
0.498
0.704
0.455
0.617
1.09
2.13
2.7
1.54
1.53
3.85
3.26
2.23
4.17
1.58
2.1
0.466
0.563
0.997
0.043
0.293
0.238
0.249
0.238
0.368
0.152
0.314
0.617
0.563
0.346
0.325
0.812
0.022
0.336
0.141
0.412
0.022
0.011
0.141
0.011
0.076
0.076
0.498
0.39
0.325
0.054
0.0
1.41
1.82
2.71
2.24
2.72
2.24
1.87
6.35
5.05
7.37
6.74
12.2
21.4
19.8
5.72
7.56
11.6
6.9
13.0
2.51
4.72
5.31
10.6
11.3
12.7
19.9
18.1
12.9
8.71
7.76
18.6
18.9
14.6
13.4
15.2
12.4
9.0
9.25
9.61
6.15
5.14
2.86
7.09
6.38
9.04
6.14
4.53
5.51
1.28
4.06
3.0
2.57
4.73
5.12
14.1
9.7
7.65
17.1
22.0
19.4
19.5
16.5
20.0
19.6
14.2
15.9
17.6
17.2
18.2
21.6
17.6
16.0
18.2
18.1
14.4
23.6
23.9
18.3
17.4
14.6
19.9
18.1
14.0
11.6
15.0
12.5
13.7
18.0
18.9
19.0
19.4
21.7
15.7
11.6
13.6
16.8
12.5
11.9
11.4
13.0
12.6
12.5
11.8
12.1
11.8
8.7
9.52
7.93
9.13
9.89
10.3
11.1
11.4
14.3
15.6
12.1
5.24
0.011
0.0
0.867
0.054
0.0
0.0
0.0
0.0
2.97
2.08
2.88
2.63
3.57
4.52
4.55
4.48
4.14
3.56
3.25
3.48
1.89
4.7
3.77
4.97
5.63
3.68
2.75
0.325
3.8
4.05
2.59
4.87
4.5
2.84
4.67
5.84
4.01
4.29
4.15
4.16
4.35
4.68
6.42
2.78
5.0
5.09
5.2
3.66
2.2
1.88
1.49
4.08
3.44
4.24
4.71
4.46
3.1
5.22
3.6
2.77
2.59
2.91
3.93
4.3
3.3
3.59
4.16
4.14
4.83
6.01
5.8
4.87
4.17
0.0
10.2
4.32
5.67
4.67
6.55
5.41
6.16
6.39
6.5
4.99
3.75
5.77
4.8
4.43
6.26
7.08
6.42
6.06
6.46
5.42
4.6
3.31
3.98
5.02
5.65
7.11
4.21
4.82
5.67
4.55
5.58
7.39
7.59
7.47
0.022
9.74
4.96
4.74
5.23
3.83
0.986
1.43
1.85
3.2
4.0
3.63
2.75
1.78
1.77
0.639
0.271
0.022
0.0
0.0
0.0
0.0
0.0
0.0
0.0
0.0
0.0
0.0
0.0
0.0
0.0
0.0
0.0
0.0
0.0
0.0
0.0
0.0
0.0
0.0
0.0
0.0
0.0
0.0
0.0
0.0
0.0
0.0
0.0
0.0
0.0
0.0
0.0
0.0
0.0
0.0
0.0
0.0
0.0
0.011
0.0
0.0
0.0
0.0
0.0
0.0
0.0
0.0
0.0
0.0
0.0
0.0
0.0
0.0
0.0
0.0
0.0
0.0
0.0
0.0
0.0
0.0
0.0
0.0
0.0
0.0
0.0
0.0
0.0
0.0
0.0
0.0
0.0
0.0
0.0
0.0
0.0
0.0
0.0
0.0
0.0
0.0
0.0
0.0
0.0
0.0
0.0
0.0
0.0
0.0
0.0
0.0
0.0
0.0
0.0
0.0
0.0
0.0
0.0
0.0
0.0
0.0
0.0
0.0
0.0
2.23
0.054
0.043
0.0
1.02
1.75
2.16
2.48
1.92
2.2
2.74
2.22
1.74
1.83
1.71
1.58
2.22
1.7
1.61
1.72
1.86
2.03
2.26
0.975
2.45
1.22
1.75
1.48
2.08
1.92
2.1
2.92
1.87
2.21
1.67
2.61
2.7
1.39
1.19
1.18
0.78
0.932
0.097
0.098
0.314
0.314
0.162
0.0
0.0
0.0
0.0
0.0
0.0
0.445
0.065
0.0
0.607
0.563
0.162
0.054
0.0
0.022
0.022
0.0
0.0
0.0
0.0
0.412
0.747
1.33
1.69
2.2
3.27
4.4
7.86
7.2
8.22
7.33
5.99
7.45
7.65
7.84
6.87
3.76
3.69
5.08
6.53
5.46
4.07
1.45
2.31
3.2
4.01
4.43
5.09
5.16
5.04
4.3
2.99
0.379
2.24
2.99
2.65
0.162
0.0
0.0
1.4
4.28
4.9
5.18
4.26
3.41
2.9
3.13
2.87
0.108
4.14
4.64
5.63
5.75
6.24
6.5
6.27
6.27
6.28
5.24
7.62
7.07
6.35
6.01
5.78
6.96
7.18
6.51
5.91
5.84
5.72
5.1
5.33
4.26
4.2
2.0
2.46
2.23
1.01
12.5
11.6
9.35
7.57
5.46
4.08
4.26
3.33
1.13
1.53
1.86
1.02
1.95
1.41
2.02
1.49
3.87
3.33
2.58
2.19
3.7
3.92
3.01
4.24
3.95
5.18
4.93
3.29
5.32
1.26
10.6
4.7
4.15
7.44
4.84
7.81
5.62
3.97
0.0
5.52
10.1
5.94
4.32
5.71
5.05
0.0
10.8
4.15
5.09
4.92
6.15
5.21
5.55
5.09
5.88
5.29
5.52
4.66
5.32
5.74
5.5
0.0
12.8
4.03
4.91
3.5
0.0
0.0
0.293
14.6
5.09
1.36
2.56
6.05
1.29
3.12
2.89
1.49
1.63
1.18
0.271
0.0
0.0
0.0
0.0
0.032
0.054
0.0
0.0
0.0
0.0
2.84
1.3
0.845
0.487
0.682
0.845
0.715
0.715
1.37
1.07
0.595
0.0
0.011
0.043
4.08
1.47
0.672
1.53
0.509
1.33
0.899
1.95
0.768
2.97
3.73
2.62
2.84
2.62
3.05
2.71
2.69
2.27
1.34
0.119
3.21
4.19
3.4
1.13
4.16
2.73
3.02
1.19
2.56
6.1
2.09
3.3
2.65
0.888
5.02
1.86
9.08
9.18
14.5
9.85
15.7
15.3
10.2
12.2
8.75
4.29
3.81
10.6
15.9
15.1
16.0
10.7
16.6
16.5
13.7
12.2
13.5
13.9
16.5
13.6
6.81
7.86
3.67
2.79
4.25
1.82
1.6
3.66
2.43
2.49
1.85
5.76
0.422
2.43
2.32
5.89
5.77
4.08
7.47
3.8
7.2
7.52
7.64
6.28
8.44
7.04
7.17
7.9
7.37
7.37
7.36
7.25
8.76
11.2
11.5
4.92
5.11
5.1
4.22
4.34
3.86
4.15
3.89
3.57
3.5
4.29
3.99
3.79
3.76
4.01
3.63
4.17
4.08
3.5
3.85
4.44
4.27
2.14
3.25
3.51
4.4
3.36
4.56
4.68
5.25
5.42
6.53
5.94
5.94
6.8
6.22
5.12
5.65
4.95
5.51
4.51
5.23
5.51
4.96
5.37
4.97
4.45
4.41
4.55
3.91
3.93
4.11
4.95
4.65
2.69
1.84
7.53
11.4
13.0
8.13
8.89
6.55
2.95
8.17
8.3
7.57
7.88
8.75
11.3
8.32
5.34
5.77
5.85
4.61
4.9
5.0
6.17
3.75
16.3
17.4
7.97
0.0
16.6
14.0
17.2
13.6
16.5
17.2
13.4
13.5
13.0
14.3
18.6
13.7
14.4
13.5
13.9
13.4
12.6
15.6
16.7
11.8
10.8
8.94
10.5
9.81
6.81
7.44
8.63
7.99
8.72
9.64
11.0
8.41
8.93
10.2
9.46
7.42
10.0
9.77
8.25
8.41
8.58
6.78
5.69
9.13
8.88
5.9
7.11
7.09
9.58
7.14
9.19
7.64
10.4
8.17
6.45
7.74
8.94
10.1
8.28
9.95
7.49
8.08
7.28
7.93
7.4
7.82
7.68
7.99
7.7
6.72
1.99
7.52
11.7
3.88
6.6
6.61
5.48
5.77
5.37
3.22
7.12
5.28
5.59
5.68
5.48
5.16
3.11
3.12
0.66
4.02
3.12
1.75
0.877
0.011
0.0
0.0
1.14
0.595
0.0
0.0
0.0
0.0
0.0
0.0
0.0
15.8
4.69
7.47
6.47
6.44
8.85
8.91
5.84
7.37
6.98
6.55
7.42
7.25
6.85
7.93
5.18
8.61
9.04
8.83
9.35
9.59
6.51
7.73
8.2
8.09
6.37
6.14
5.71
8.05
7.89
5.44
6.84
6.8
7.12
8.49
7.66
9.2
8.19
7.56
15.3
9.61
0.0
0.032
6.92
8.04
6.13
5.08
6.05
2.59
4.84
3.89
4.76
4.72
5.05
4.54
5.26
4.49
4.95
4.64
3.89
4.15
2.06
2.56
5.15
5.05
3.92
3.61
5.39
4.46
7.32
4.7
5.91
7.43
4.0
6.59
7.69
8.18
6.53
9.03
4.25
8.49
8.23
6.76
2.79
2.77
6.21
4.57
4.99
4.55
3.91
3.05
2.04
3.62
3.92
2.77
3.47
3.14
1.99
1.8
2.7
2.34
0.672
1.14
1.94
1.81
3.49
0.758
4.55
2.1
2.48
3.18
2.15
1.7
0.78
1.68
1.95
1.56
0.639
1.34
0.098
2.76
0.0
1.81
0.758
0.173
0.0
1.44
1.96
2.14
1.45
1.52
0.932
0.78
0.39
0.607
0.943
1.05
0.975
0.52
1.05
6.21
1.78
0.011
11.8
5.73
5.94
6.62
5.96
6.46
2.92
1.04
2.05
5.32
0.108
0.0
0.0
6.65
6.87
6.66
6.27
7.37
5.78
4.0
1.25
2.61
4.48
3.49
3.36
3.53
1.83
1.44
2.82
2.04
2.29
2.64
0.834
2.28
1.97
1.95
1.81
2.34
2.62
2.87
2.08
1.42
1.95
1.29
2.92
2.91
4.06
2.17
2.69
3.38
3.34
2.01
2.34
1.52
2.19
2.45
3.08
3.83
2.58
2.79
4.04
5.17
3.25
5.29
3.15
0.022
7.22
0.812
0.282
6.78
2.83
8.78
4.46
0.076
10.3
3.6
2.71
1.76
2.2
1.33
1.49
0.953
0.412
0.834
1.14
2.43
0.0
4.61
4.43
4.83
5.48
5.45
2.84
2.48
4.24
8.1
8.38
10.3
7.99
6.6
5.67
3.75
7.46
7.78
7.56
8.01
8.87
8.03
9.6
7.37
9.12
12.0
11.7
10.6
10.3
11.0
10.4
11.5
11.1
10.3
10.1
8.87
8.56
8.85
8.05
8.1
8.74
7.35
8.5
10.3
10.8
10.2
10.1
9.65
8.54
9.32
5.88
8.83
8.64
8.31
7.91
7.38
10.1
7.85
5.96
7.08
3.41
5.89
4.82
7.8
3.44
11.2
5.08
6.33
12.5
11.2
10.3
10.7
9.59
9.45
8.32
7.46
7.0
5.22
4.21
6.47
5.84
9.49
4.97
6.11
10.8
9.22
5.5
11.6
9.55
10.8
10.4
9.55
7.64
9.45
5.36
3.35
8.62
8.47
8.67
8.4
6.81
6.42
6.94
9.05
7.64
7.93
8.19
7.71
7.01
9.38
8.41
8.0
5.06
7.74
12.8
8.22
9.14
8.46
7.02
3.54
8.21
8.86
6.5
10.3
9.72
9.34
8.47
8.33
8.31
8.11
7.69
8.55
7.96
10.5
9.23
8.93
8.3
5.01
11.4
9.37
8.16
8.21
6.64
6.47
4.76
7.66
7.02
7.52
6.99
7.9
7.79
8.83
8.5
8.41
7.05
6.74
5.61
6.87
5.48
5.76
4.8
5.75
6.03
7.04
6.93
5.89
4.7
6.03
5.22
4.74
2.71
1.6
9.36
10.2
8.65
8.28
8.3
9.1
6.74
9.67
10.6
9.08
5.48
4.68
3.47
6.5
4.52
8.6
8.25
5.59
7.7
2.61
2.87
0.844
8.79
7.48
4.35
3.55
2.22
6.79
10.7
10.4
11.8
8.21
1.98
8.07
4.67
2.51
1.68
5.04
6.16
7.03
7.39
10.3
8.36
11.7
15.7
15.8
16.8
15.5
14.2
14.3
16.7
13.3
8.92
12.4
8.11
8.63
12.0
11.2
7.55
6.14
5.15
4.42
5.68
6.37
6.91
7.39
11.6
10.3
7.53
9.38
12.8
12.6
15.1
15.6
12.0
17.5
13.8
14.3
10.3
7.3
11.4
11.2
9.99
12.6
16.1
13.7
15.4
12.9
16.7
14.8
16.3
17.0
16.8
16.8
9.98
16.2
17.6
12.0
9.71
8.45
8.1
9.32
8.1
8.99
7.28
4.7
4.74
4.21
3.8
5.46
6.03
5.44
5.28
5.58
6.83
7.34
6.5
4.27
4.03
5.44
5.26
3.96
4.85
5.07
4.61
3.74
3.4
2.99
3.41
4.48
4.63
1.78
3.05
1.07
2.95
2.87
3.49
2.64
3.68
1.69
3.12
3.03
4.16
2.01
2.9
3.36
2.25
1.04
2.26
2.37
3.06
2.89
0.0
2.61
1.08
1.95
0.39
1.34
1.8
0.184
0.716
4.71
4.26
5.05
3.6
4.95
4.74
3.44
2.94
4.97
6.14
7.26
4.91
1.66
2.18
3.53
10.7
2.94
3.2
1.13
1.52
1.28
1.72
0.921
1.42
1.23
3.02
3.04
2.9
3.64
7.59
8.07
7.26
5.86
5.24
5.4
4.09
4.0
1.87
1.98
1.42
1.75
2.82
0.585
0.0
3.23
1.86
1.78
3.05
5.68
6.5
8.21
8.99
11.3
10.2
10.2
8.72
7.68
9.27
10.2
9.15
8.29
8.85
7.99
9.77
10.5
10.4
8.59
9.63
9.31
7.99
8.08
7.59
6.49
3.61
3.65
0.856
3.18
1.75
2.42
1.28
2.31
1.52
1.85
1.53
5.26
4.14
4.29
5.7
4.6
3.42
6.68
6.48
7.6
7.25
7.43
7.08
6.56
3.75
3.75
4.62
3.41
3.25
1.31
1.14
1.27
0.932
1.36
0.736
0.0
0.607
0.0
0.499
7.77
2.27
0.0
0.0
0.011
0.0
0.0
0.0
0.0
0.0
0.0
0.0
0.0
0.0
0.0
2.95
10.2
15.3
13.1
3.57
12.6
9.52
11.4
11.4
9.67
8.37
9.86
10.6
9.22
8.18
7.74
7.46
8.1
5.51
6.39
6.49
7.38
8.41
6.65
8.04
8.34
4.7
0.0
1.03
3.61
3.99
1.46
4.2
3.27
3.29
3.27
0.347
5.53
5.78
0.368
0.0
0.596
0.022
0.0
0.0
0.0
0.011
6.22
2.55
2.84
2.95
2.09
2.18
3.29
2.2
3.69
3.61
3.92
2.36
3.98
1.61
3.79
1.99
4.13
3.35
3.21
2.58
2.91
2.75
2.63
0.78
1.23
0.022
0.0
0.0
0.054
0.249
0.271
0.119
0.0
0.108
0.054
0.076
0.0
0.0
0.0
0.011
0.444
0.91
1.48
1.04
2.85
2.31
1.62
1.72
0.834
0.0
0.0
0.0
0.0
0.0
0.0
0.0
0.0
0.0
0.0
0.0
0.0
0.0
0.0
0.0
0.0
0.0
0.0
0.0
0.0
0.0
0.0
0.0
0.0
0.0
0.0
0.0
0.0
0.0
0.0
0.0
0.0
0.0
0.0
0.0
0.0
0.0
0.0
0.0
0.0
0.0
0.0
0.0
0.0
0.0
0.0
0.0
0.0
0.0
0.0
0.0
0.0
0.0
0.0
0.0
0.0
0.0
0.0
0.0
0.0
0.0
0.0
0.0
0.0
0.0
0.0
0.0
0.0
0.0
0.0
0.0
0.0
0.0
0.0
0.0
0.0
0.0
0.0
0.0
0.0
0.0
0.0
0.0
0.0
0.0
0.0
0.0
0.0
0.0
0.0
0.0
0.0
0.0
0.0
0.0
0.0
0.0
2.98
7.45
5.67
6.34
6.59
7.28
7.31
6.24
7.8
6.72
7.35
6.73
10.0
9.56
17.6
17.1
17.9
5.29
11.1
9.73
9.78
9.6
10.8
8.58
9.17
9.73
10.1
9.71
9.19
9.72
9.67
6.84
7.79
5.82
6.74
7.86
9.22
11.4
13.6
9.09
14.7
10.4
7.53
7.29
15.0
10.6
10.7
13.2
14.6
10.5
10.5
13.1
9.55
13.1
10.6
9.89
9.93
8.03
7.31
7.95
6.43
9.15
5.82
7.34
8.69
5.76
6.06
6.99
5.89
4.97
5.04
5.2
5.7
5.3
7.01
6.26
7.84
9.26
8.02
8.05
7.27
6.58
5.14
8.14
7.02
5.82
6.91
5.22
3.16
3.15
3.66
3.75
4.92
4.76
5.94
4.41
4.04
2.52
1.94
3.1
1.94
2.84
1.45
0.0
3.62
4.45
1.4
2.17
2.99
1.77
1.07
0.227
0.0
2.96
0.065
9.69
3.63
0.0
2.36
7.18
0.736
4.08
4.5
1.8
6.07
2.57
1.07
2.43
1.56
1.58
2.04
3.35
2.91
3.12
3.6
4.32
5.57
6.42
0.0
13.6
5.97
6.91
7.44
5.63
2.87
3.99
1.66
9.15
5.18
5.21
4.41
2.28
3.74
2.09
1.98
2.85
2.16
2.51
2.97
2.42
2.2
0.314
0.0
0.0
0.0
0.0
0.0
0.0
0.0
0.0
0.0
0.0
0.0
0.0
0.0
0.0
0.0
3.19
0.0
0.0
0.0
0.0
0.0
0.0
0.0
0.0
0.0
0.0
0.0
0.0
0.0
0.0
0.0
0.0
0.0
0.0
0.0
0.0
0.0
0.0
0.0
0.0
0.0
0.64
2.7
1.78
0.011
0.032
1.07
1.09
2.37
0.606
1.05
2.01
2.23
2.49
2.39
2.0
2.4
2.84
3.36
1.91
0.314
2.37
2.9
2.75
0.303
0.098
2.01
1.46
2.38
1.52
1.66
2.42
2.61
2.85
4.01
3.68
3.75
0.769
1.53
1.29
1.35
0.065
4.57
1.54
0.0
0.0
0.0
0.0
0.0
1.65
6.42
5.84
4.74
4.27
3.15
3.15
2.52
3.0
3.34
3.23
3.13
3.09
2.9
2.55
2.12
2.47
1.94
1.84
2.49
1.81
1.87
2.21
1.59
2.31
0.682
0.0
0.0
0.0
0.0
0.0
0.0
0.997
0.13
0.0
0.0
0.0
0.0
0.0
0.0
0.011
0.0
0.022
0.13
0.249
6.79
0.563
0.758
0.953
0.964
0.0
1.49
0.563
1.63
0.477
1.13
0.563
1.7
2.44
0.671
5.52
5.69
5.25
5.37
5.29
5.56
5.59
5.08
2.65
1.97
4.58
4.03
3.76
1.61
3.24
2.49
4.04
2.48
4.53
3.82
3.78
5.2
4.63
4.06
4.51
3.44
2.47
2.11
2.76
4.72
3.28
3.33
5.58
7.43
8.52
7.63
9.22
8.84
8.25
5.92
10.3
6.69
8.48
7.82
7.43
7.05
5.38
5.51
6.15
5.21
5.19
1.6
4.13
3.5
0.921
1.32
2.32
0.0
1.7
0.26
0.466
1.31
0.0
1.94
1.93
5.1
2.82
3.5
1.46
2.84
2.69
2.99
3.36
3.76
2.26
3.28
1.63
0.292
0.022
0.0
6.7
10.7
9.2
12.8
11.4
9.76
11.0
11.0
6.88
8.38
8.78
6.16
0.888
1.19
1.41
1.52
5.22
5.89
4.17
5.84
7.22
5.36
5.52
6.72
4.02
5.87
6.05
5.12
5.67
6.64
5.89
7.28
6.37
4.99
3.83
5.24
5.47
4.55
4.64
5.07
6.12
2.13
0.162
0.011
0.0
0.0
13.1
3.94
4.43
2.63
5.5
2.66
3.21
1.78
9.37
5.52
6.29
2.64
1.33
0.639
7.62
14.4
4.51
9.57
0.0
4.99
1.46
0.0
0.0
9.0
7.53
0.986
2.77
3.79
0.0
0.0
1.99
3.22
1.43
0.314
2.84
0.0
0.0
3.38
2.12
0.921
1.64
2.16
0.0
3.24
1.75
1.47
2.65
2.17
2.41
0.531
5.08
2.26
5.42
4.15
5.74
0.0
3.92
3.42
3.8
4.97
2.69
4.53
6.08
2.96
5.74
5.66
1.71
3.92
4.4
6.86
3.57
2.86
8.89
4.45
3.27
4.51
1.85
4.08
4.46
1.05
3.67
0.0
3.27
1.06
0.0
4.96
1.51
0.942
0.444
0.0
0.0
7.57
9.72
3.64
5.35
2.96
6.5
5.04
3.91
7.28
0.975
2.43
2.83
1.33
7.55
9.48
3.37
10.4
4.28
7.17
6.04
6.87
7.52
4.14
4.77
4.57
5.56
3.46
4.78
9.39
8.95
6.77
8.79
6.68
10.2
8.19
8.65
9.08
7.73
6.4
10.3
16.3
14.3
13.5
9.87
10.5
8.16
10.5
11.5
8.75
13.3
9.34
10.8
10.7
11.9
9.42
12.6
12.7
14.1
9.03
10.3
11.9
6.71
11.1
9.22
10.4
10.6
9.29
9.36
7.45
6.41
7.2
6.08
10.6
7.28
5.06
6.2
2.32
1.23
0.747
0.769
1.17
1.1
1.84
1.71
2.78
3.8
3.9
4.05
2.64
3.39
3.96
5.04
2.7
6.08
6.25
4.38
4.59
11.1
8.33
0.0
12.4
0.0
8.37
8.02
10.3
11.8
10.2
12.6
7.51
4.95
14.2
3.94
6.02
6.23
8.32
3.59
9.26
9.12
3.38
0.0
0.011
0.0
19.8
11.7
10.4
5.61
8.41
2.51
7.21
7.08
4.58
7.18
7.36
7.85
7.28
10.7
8.59
12.8
11.3
13.3
10.5
12.6
8.94
10.3
12.3
12.2
11.8
4.96
9.17
15.9
12.8
13.1
12.7
14.0
13.4
11.9
12.5
14.4
13.9
13.5
12.9
10.7
12.0
14.5
13.1
14.5
13.1
9.2
13.4
12.7
12.3
9.56
7.27
5.15
6.74
4.81
5.07
1.51
4.24
1.06
2.78
0.098
0.498
9.99
10.4
11.8
11.7
11.0
6.53
2.44
3.25
2.51
2.3
2.88
13.4
3.83
4.16
2.45
4.59
2.88
2.62
0.975
2.31
1.27
0.563
5.89
7.73
4.76
1.99
1.58
3.5
3.21
1.02
0.964
2.45
1.49
1.54
1.58
1.88
1.23
2.01
1.83
2.08
3.2
0.509
2.96
10.6
4.46
6.14
3.39
5.8
8.93
8.82
10.9
8.43
10.1
10.6
11.4
12.8
11.6
8.51
4.48
7.33
6.85
6.62
5.56
7.0
8.78
10.4
9.3
8.15
9.78
5.84
4.05
5.45
1.46
1.21
0.401
0.0
4.43
5.0
2.79
3.11
2.33
1.67
0.238
1.23
2.36
0.693
6.95
11.1
7.81
4.34
4.59
3.37
3.02
4.38
1.04
12.2
5.0
4.14
4.85
3.59
2.59
1.44
0.043
6.37
0.0
8.33
2.58
4.04
4.4
4.78
7.13
9.74
11.1
3.48
3.82
6.66
4.01
5.31
7.57
9.44
5.61
7.02
9.58
5.24
8.23
10.1
12.0
12.7
11.1
12.9
9.28
0.0
17.9
4.75
4.42
15.0
9.3
0.0
14.8
5.53
7.76
6.41
3.63
14.6
7.25
7.11
5.23
9.81
3.38
9.59
4.93
5.15
6.39
4.81
5.16
5.89
4.94
4.98
6.08
5.11
5.45
3.94
0.0
9.63
6.85
2.65
3.16
2.3
7.31
7.76
6.41
6.91
5.17
3.41
1.69
2.23
1.54
2.2
2.05
4.73
13.4
9.35
11.7
6.81
6.07
3.04
2.46
3.54
2.46
8.88
9.24
4.38
3.05
8.86
4.06
4.73
1.35
3.24
1.66
0.0
1.73
5.13
5.05
4.4
5.08
5.32
5.5
4.99
3.28
1.45
1.27
7.03
5.47
2.24
1.95
2.34
0.0
1.55
1.36
1.09
1.09
0.596
0.704
0.043
0.043
2.55
1.43
1.22
1.4
1.28
1.18
1.25
1.29
0.974
3.07
1.61
1.38
1.34
2.1
3.22
2.33
1.54
0.032
2.31
0.704
0.899
1.12
1.25
0.845
3.59
2.16
2.03
2.61
1.91
1.8
3.15
0.899
3.29
2.56
2.27
1.92
3.31
2.46
2.27
1.62
2.66
2.06
2.19
2.86
2.22
3.87
3.35
2.32
2.52
0.0
0.011
7.39
2.65
3.28
2.77
2.32
3.1
2.2
1.25
0.0
1.49
0.076
0.0
0.032
3.98
0.899
3.38
3.42
4.66
5.16
5.07
5.06
4.18
3.89
3.42
4.05
3.93
0.412
0.0
0.0
1.89
2.68
3.21
3.87
3.03
2.78
1.66
2.43
1.53
2.34
2.17
1.45
1.36
1.64
0.758
1.46
7.9
6.06
5.06
5.95
4.77
6.67
5.55
0.032
3.56
1.34
6.87
6.77
7.4
7.21
6.92
7.2
6.08
5.17
5.9
5.1
5.0
5.87
5.76
5.63
6.63
5.12
6.71
5.53
4.67
4.89
4.67
4.77
4.94
6.19
4.82
3.62
2.32
3.51
4.67
3.91
2.48
3.79
3.8
6.36
6.47
5.86
5.86
5.19
4.47
1.8
2.26
1.83
1.95
2.56
3.13
2.37
3.92
2.87
3.25
4.01
1.92
1.34
1.9
1.79
1.52
4.98
6.9
6.9
6.21
7.2
6.2
3.57
3.68
3.16
1.26
0.726
2.04
2.4
2.85
2.49
2.35
2.46
2.43
1.73
1.74
1.52
2.07
2.36
1.73
2.4
2.97
2.43
2.59
2.2
2.99
3.0
3.17
3.37
3.46
2.86
0.271
1.59
2.21
2.77
3.22
2.42
4.01
3.83
3.83
4.27
3.59
3.64
3.29
1.55
1.14
2.58
1.81
2.11
1.71
2.77
0.693
2.74
1.65
1.81
2.04
3.05
2.01
1.69
1.42
1.06
1.73
1.42
1.1
0.867
0.932
0.932
1.66
1.2
1.02
1.77
1.29
1.91
2.3
1.84
1.48
1.65
0.79
2.41
1.23
1.23
1.15
0.487
1.42
1.02
0.932
1.97
2.88
1.7
3.37
0.184
0.0
0.0
0.011
0.0
0.0
0.0
1.79
5.61
5.38
5.52
3.81
2.89
1.69
2.06
2.81
3.03
1.68
6.39
15.6
11.9
3.1
6.93
4.73
6.01
3.33
4.16
3.25
0.0
7.51
4.2
1.5
1.45
0.0
0.737
2.03
2.86
0.0
4.16
1.92
1.82
1.82
1.96
1.65
2.23
1.36
1.2
0.0
4.05
2.01
2.21
1.67
1.51
0.0
3.42
1.67
0.92
1.51
2.43
1.25
1.69
3.96
0.996
2.48
0.921
1.64
0.812
1.75
1.99
0.032
2.55
0.672
0.325
0.412
1.08
1.17
0.563
0.542
0.639
1.67
0.379
0.737
1.31
0.834
0.65
0.585
1.59
1.75
1.98
1.22
0.726
1.93
2.53
2.34
0.216
1.95
1.82
1.53
0.552
0.953
1.15
1.29
0.769
0.0
0.0
5.33
1.69
2.31
2.25
2.09
0.758
0.986
0.0
0.011
5.89
1.64
2.5
2.56
1.72
2.23
1.86
1.61
3.04
2.29
0.769
1.32
2.11
1.17
1.87
1.6
0.812
2.22
2.43
2.57
1.8
1.82
0.953
1.86
2.45
1.52
1.84
0.834
0.92
1.94
2.66
1.86
1.81
2.3
2.0
2.44
1.64
1.07
2.22
1.67
1.7
1.02
1.55
1.78
1.03
1.04
2.04
0.802
0.921
0.942
2.25
1.61
1.46
1.95
0.888
2.04
0.628
1.69
2.35
1.29
1.52
0.791
0.011
0.0
0.0
0.0
0.0
0.0
0.0
0.0
0.0
3.25
9.99
8.22
6.16
6.7
6.88
7.85
9.11
6.48
7.42
3.17
6.19
5.59
5.08
4.22
2.88
2.82
2.12
1.97
2.44
2.18
2.04
0.942
2.17
1.97
3.61
5.12
2.6
3.18
3.57
5.19
3.95
4.79
1.92
4.46
2.49
0.227
0.043
0.119
0.0
0.0
0.0
0.0
0.0
0.0
0.0
0.0
0.0
0.0
0.0
0.065
0.162
0.0
0.0
0.0
2.01
0.672
0.628
0.737
0.639
0.585
0.812
1.21
0.921
0.152
0.0
0.0
0.0
0.0
0.0
0.022
0.011
0.011
0.0
0.043
0.52
0.867
0.325
0.087
0.0
0.011
0.0
0.0
0.0
0.0
0.0
0.0
0.0
0.0
0.0
0.032
0.39
0.184
0.13
0.0
0.0
0.0
0.0
0.0
0.0
0.0
0.0
0.0
1.27
0.531
0.704
0.812
0.802
0.953
0.791
0.834
1.04
0.856
0.65
0.628
1.01
1.09
0.812
0.975
1.07
0.802
0.942
0.487
0.639
0.856
1.01
0.758
1.19
1.03
0.91
1.07
1.09
1.17
1.23
0.997
1.21
1.29
1.32
1.08
1.23
0.856
1.02
0.737
0.065
0.0
0.0
0.553
0.552
0.596
0.802
1.18
1.12
1.57
2.34
2.46
2.86
2.63
1.87
2.61
2.61
2.68
1.4
1.37
0.921
1.17
0.314
0.26
0.076
0.0
0.087
0.0
1.42
2.47
2.42
3.46
4.09
5.48
5.36
6.6
6.41
6.98
7.34
6.54
5.34
8.67
9.92
9.13
4.07
8.7
7.29
8.88
10.3
7.68
4.81
6.01
7.11
5.17
8.49
10.3
7.05
9.26
8.56
9.28
9.66
8.77
9.65
8.61
8.11
9.76
7.56
0.942
11.1
8.96
9.59
9.42
10.5
10.5
8.12
8.52
10.8
8.55
6.71
6.91
12.4
7.85
3.52
5.05
8.75
5.91
7.33
6.22
4.84
2.98
5.04
6.93
6.76
2.75
9.12
10.3
8.59
7.51
5.88
5.57
4.83
6.23
2.49
4.44
3.26
2.83
3.52
1.92
2.84
2.34
4.31
0.162
1.8
5.43
3.86
1.46
4.29
2.69
2.59
2.91
4.76
6.37
4.93
5.66
5.39
5.37
5.38
6.3
6.06
6.08
5.36
5.33
4.94
5.25
4.16
4.53
2.13
5.07
4.3
3.5
3.51
4.04
4.84
5.34
4.9
4.45
4.93
6.0
5.93
5.16
2.0
2.17
3.68
4.52
4.39
3.22
3.13
2.27
2.46
3.34
2.65
2.25
4.35
1.79
5.39
3.46
4.37
3.83
3.08
1.74
3.94
3.94
3.18
1.72
1.41
0.693
3.22
2.21
3.77
0.444
0.119
0.0
0.0
3.5
3.5
0.942
4.72
1.78
2.45
1.86
2.35
1.98
2.94
1.05
2.01
1.39
3.35
0.0
4.45
0.0
5.13
1.05
1.99
1.99
2.4
4.17
2.0
1.97
4.14
3.93
4.58
4.09
4.42
1.19
7.62
2.71
5.08
2.65
6.13
3.82
5.03
5.17
4.3
4.85
4.38
3.56
6.36
3.76
7.83
5.96
4.99
5.86
4.4
3.46
3.35
2.55
1.98
5.7
3.49
5.9
3.61
5.18
3.27
0.974
8.56
2.86
2.66
0.0
7.99
4.3
1.6
3.91
1.71
0.098
11.7
12.8
8.24
10.3
12.1
9.12
11.4
11.2
11.8
12.5
12.0
12.2
7.47
0.011
7.64
6.84
4.78
6.79
6.69
5.61
5.27
5.96
6.01
6.89
6.27
3.93
6.4
6.14
4.58
3.29
1.9
3.42
3.02
2.84
3.01
2.82
1.79
2.24
2.82
2.01
2.78
2.46
2.46
3.23
2.72
2.68
2.71
3.0
3.07
3.51
3.15
2.39
3.63
3.39
3.59
3.6
3.59
3.59
3.9
3.74
3.89
3.07
5.54
5.32
3.46
4.27
4.01
4.19
4.17
4.33
3.74
5.05
4.72
4.49
5.2
4.48
4.51
4.92
4.63
4.73
4.7
4.79
5.83
6.06
6.06
5.09
5.74
5.33
1.66
3.24
3.76
3.61
3.33
3.09
4.35
2.0
0.022
6.1
7.33
10.6
10.9
11.8
11.2
8.12
8.16
7.56
4.93
3.26
2.4
2.37
1.86
2.05
1.44
1.3
1.29
0.877
4.41
10.0
11.8
10.6
11.1
9.07
8.55
9.03
7.28
9.13
9.41
8.87
8.41
7.66
7.76
8.61
7.46
7.06
8.01
8.64
9.93
8.7
6.86
5.04
8.06
6.06
6.41
6.07
7.13
7.45
7.78
8.98
8.13
8.77
7.99
7.85
8.62
9.88
7.17
10.5
10.4
10.3
10.3
8.91
11.6
10.1
10.3
6.99
10.6
9.84
8.63
9.4
9.56
8.91
8.78
8.68
8.95
9.71
9.62
9.77
9.21
9.73
8.81
10.2
8.91
11.4
6.09
6.1
5.44
5.21
5.97
5.58
4.54
5.77
8.99
10.3
1.48
5.73
3.53
3.78
4.42
3.91
2.82
5.18
3.14
3.76
3.44
1.75
1.38
2.42
5.9
2.61
1.18
0.802
1.82
4.81
4.89
5.28
6.09
5.5
3.38
3.49
5.81
3.54
5.1
4.78
5.82
5.08
5.17
5.36
6.66
2.25
3.28
1.91
3.03
3.56
3.11
3.18
3.3
7.25
8.18
4.77
7.02
8.34
7.37
5.37
8.3
12.4
18.3
16.7
11.4
22.5
16.0
18.4
5.83
5.83
6.77
5.96
7.89
8.37
14.0
17.9
8.56
10.5
7.17
8.13
7.86
3.67
2.49
2.88
1.73
0.0
0.0
0.0
0.0
4.09
1.1
0.878
3.07
0.498
3.98
2.68
2.62
2.72
3.24
3.26
2.97
4.02
3.15
1.62
4.82
9.58
7.53
7.43
9.62
9.89
10.2
9.14
8.2
3.74
10.2
6.48
7.07
8.32
7.54
6.68
7.26
7.63
8.3
7.12
7.51
8.09
8.59
8.15
8.18
7.0
7.31
6.66
1.75
0.476
0.011
6.27
3.8
3.9
2.73
2.85
3.73
3.62
3.51
2.62
1.93
2.53
4.25
5.15
5.73
4.05
2.71
4.63
3.94
3.3
3.14
2.76
2.86
2.72
5.46
4.93
5.0
5.36
5.65
5.47
4.8
4.7
5.17
6.93
5.39
6.0
4.8
6.15
6.35
6.83
6.43
6.73
6.84
5.32
6.41
7.8
7.37
5.0
5.0
5.36
3.51
6.78
5.37
4.11
5.39
3.92
3.59
3.4
8.6
5.86
6.36
6.13
6.0
4.11
3.54
9.5
2.82
0.0
0.0
4.54
4.74
5.81
3.07
5.89
7.66
5.77
7.91
6.74
5.99
7.19
7.65
7.61
10.5
9.65
12.9
11.9
16.6
15.4
9.77
15.8
16.1
15.4
14.4
7.29
11.2
10.5
14.0
13.9
15.6
7.82
6.33
10.2
8.44
4.87
7.08
5.44
7.18
6.58
10.2
11.9
12.3
11.3
13.8
13.8
11.9
12.1
7.66
13.9
8.81
8.49
3.91
8.41
5.15
5.91
4.94
8.29
8.91
11.8
7.51
15.4
10.7
2.48
0.054
20.3
1.6
8.04
8.64
6.56
3.11
3.87
4.38
7.8
5.45
5.38
11.9
12.9
13.2
5.45
7.64
5.42
3.79
5.0
2.4
6.11
4.05
3.12
4.26
4.41
4.99
0.639
9.02
17.1
14.4
4.61
6.82
9.42
9.21
8.12
8.8
9.3
9.48
8.71
9.53
10.4
11.1
5.84
14.7
10.7
9.84
11.8
10.1
10.9
11.9
10.5
11.1
11.3
10.3
13.1
15.3
13.0
14.4
17.3
17.5
16.6
18.8
17.2
17.4
14.2
21.1
17.1
16.8
15.2
19.2
17.2
16.7
17.3
17.1
16.9
16.1
17.6
15.1
11.0
17.2
16.2
14.4
12.0
18.8
17.9
16.8
18.5
16.5
17.0
13.7
16.4
13.3
14.3
15.5
16.6
14.7
13.1
9.7
17.1
13.8
17.6
17.6
16.0
16.2
16.7
0.834
15.2
5.16
1.01
0.0
0.0
5.7
5.45
6.48
6.37
6.94
7.08
8.76
8.08
7.23
11.1
9.24
8.78
9.14
8.62
7.72
8.12
7.93
8.94
10.2
5.32
10.3
8.4
7.96
10.3
9.72
9.88
10.1
10.4
10.5
10.2
10.3
11.3
10.7
11.9
9.05
11.9
10.7
12.5
11.0
11.1
11.3
10.4
8.9
8.91
8.94
9.41
9.89
9.05
7.91
1.55
8.86
4.35
4.83
5.58
6.08
6.56
8.35
5.64
5.28
4.01
0.206
9.63
10.0
2.63
0.541
3.81
2.35
1.82
1.88
1.67
3.24
4.34
6.24
5.34
4.98
5.68
4.37
4.92
5.61
7.18
7.6
2.12
4.51
2.0
1.9
2.9
1.71
2.23
2.36
4.05
5.29
5.13
9.06
4.44
2.31
5.72
1.21
9.31
16.3
13.4
12.7
7.95
4.63
5.53
6.38
7.57
2.13
0.704
6.23
6.54
4.72
2.86
2.25
0.0
12.5
5.58
5.47
4.04
5.69
5.67
5.69
5.9
6.08
4.32
6.11
6.02
6.56
6.37
5.45
4.48
3.91
2.51
3.28
5.24
4.6
5.73
4.4
2.49
5.71
3.99
5.0
5.04
3.49
4.31
3.21
3.7
3.79
3.73
3.44
3.42
4.42
2.58
3.64
0.325
9.29
7.63
7.78
7.96
7.43
9.21
8.71
9.67
4.21
7.57
2.72
6.19
5.81
5.27
4.65
3.95
3.92
3.86
4.04
4.46
4.55
3.81
3.27
0.043
3.5
2.58
7.92
6.29
0.877
4.45
3.0
1.84
2.28
2.36
2.55
3.2
5.35
5.59
5.73
7.3
6.43
8.06
7.63
9.15
7.77
10.1
9.85
9.51
7.71
11.8
5.45
10.1
9.61
10.7
10.7
9.6
9.24
9.32
10.9
10.1
10.3
9.7
11.0
9.74
9.6
9.47
10.1
8.36
8.78
10.9
10.2
9.99
9.48
7.53
8.91
7.98
6.06
5.24
3.7
1.49
3.5
4.79
6.01
4.73
3.51
6.08
6.42
7.7
7.03
7.34
8.15
9.79
12.2
11.8
9.2
11.4
12.4
12.8
13.7
16.5
14.9
8.04
14.7
14.5
15.4
15.9
16.7
15.4
14.8
17.5
13.7
18.3
17.5
17.1
15.3
14.6
16.1
14.7
14.4
5.51
3.43
4.12
3.69
7.29
5.98
3.79
5.64
5.8
4.33
9.42
14.0
14.2
16.4
17.4
16.4
18.5
17.8
16.8
15.7
16.7
17.4
18.7
17.6
17.0
15.7
17.0
18.2
16.4
17.4
17.8
15.4
18.7
17.7
16.3
15.9
18.7
16.0
14.7
16.6
16.8
13.7
12.2
14.1
12.6
13.1
12.0
14.1
14.2
12.8
14.4
12.2
15.8
16.1
14.2
15.9
15.5
16.6
16.0
16.3
17.4
14.8
16.4
16.5
16.4
15.2
11.4
13.5
12.3
8.01
15.9
13.3
13.4
13.1
13.0
11.4
14.3
13.5
13.9
13.1
12.8
10.5
9.25
7.69
0.119
0.0
2.14
8.73
4.04
7.29
5.63
4.09
3.04
0.0
0.0
0.0
18.0
6.1
5.89
0.942
0.0
0.0
0.0
0.0
0.0
0.0
0.0
0.141
4.77
5.42
4.78
9.12
8.21
7.4
9.07
9.74
11.7
9.49
9.41
11.6
5.61
0.0
0.0
0.0
0.0
0.0
0.0
0.0
3.42
7.21
2.78
2.58
8.98
7.77
7.96
8.99
8.29
8.02
7.87
6.4
8.12
8.32
6.01
3.39
3.93
3.55
5.51
3.55
7.76
8.28
8.63
8.43
8.15
7.87
10.6
8.71
6.26
8.32
4.25
6.12
6.6
7.9
8.15
7.3
10.2
8.7
8.37
11.8
9.77
6.5
12.4
9.8
10.8
6.23
10.0
10.5
9.02
6.99
5.85
5.93
4.25
1.57
2.88
0.076
1.45
2.33
2.27
4.7
4.66
4.65
1.94
4.9
3.13
2.36
3.09
0.509
1.59
3.23
3.57
3.27
3.17
2.47
0.596
2.81
2.37
2.35
2.32
3.2
3.5
3.23
2.81
3.41
2.94
2.43
2.43
2.72
0.942
2.48
2.45
2.74
1.53
2.79
2.58
1.75
2.77
1.56
1.08
0.509
0.574
0.0
0.0
0.304
0.357
1.02
0.877
1.21
0.433
1.14
1.49
0.422
0.401
0.704
0.682
0.758
0.737
1.39
0.942
1.46
2.9
2.72
2.73
1.29
3.27
0.715
2.27
4.24
4.55
4.59
4.12
0.715
2.87
2.56
1.42
2.39
0.163
1.59
0.087
0.292
0.087
1.33
0.011
0.802
0.422
0.509
0.932
1.21
1.67
1.8
1.56
0.119
1.11
1.15
1.05
0.043
0.0
0.0
0.0
1.39
1.99
1.86
0.823
1.72
0.996
0.509
2.82
2.57
3.78
4.92
4.66
6.34
4.95
6.26
6.01
4.06
5.38
8.62
11.1
10.7
10.1
1.92
6.9
3.77
4.09
1.8
3.21
4.64
2.7
4.28
3.96
4.03
5.62
5.08
8.25
4.92
0.0
2.58
13.0
5.51
4.06
3.16
4.92
5.58
0.0
14.0
8.77
9.0
7.79
7.69
11.3
12.0
12.3
12.2
13.3
9.88
11.7
11.9
12.6
10.7
12.8
12.5
10.8
11.1
10.6
11.4
11.4
9.42
9.39
10.2
12.3
11.8
11.5
4.06
8.9
6.4
6.79
6.63
6.83
2.98
0.303
1.17
0.0
6.61
5.22
5.18
3.34
5.15
1.84
1.91
0.748
3.79
4.34
3.08
2.08
2.09
0.921
0.845
0.184
1.13
2.08
2.24
0.195
3.85
4.09
3.27
2.75
2.9
3.81
2.92
2.19
2.39
4.69
3.54
3.98
1.99
0.184
0.0
0.0
0.0
0.0
0.0
4.09
4.94
1.12
4.33
3.12
4.89
2.75
6.61
2.48
1.94
2.44
3.88
4.33
0.0
4.19
3.77
2.12
7.95
10.5
10.9
10.6
10.4
10.6
8.69
7.82
7.45
6.12
5.94
4.93
4.76
5.12
5.13
5.57
4.2
4.45
4.0
3.95
3.93
5.06
3.27
2.66
2.59
3.15
3.73
4.26
4.84
4.74
4.67
4.57
4.92
4.94
4.9
4.24
5.04
1.66
5.17
2.97
3.03
3.55
3.28
4.46
3.36
4.0
3.85
3.89
3.82
3.49
3.98
3.36
3.78
3.3
3.03
2.86
2.22
2.36
2.29
2.34
2.47
2.32
2.22
2.23
2.69
2.3
2.61
1.35
2.12
1.41
1.2
0.596
0.823
0.022
0.759
0.303
0.087
0.0
0.0
0.0
0.0
0.0
0.0
0.0
0.0
0.0
0.0
0.26
1.38
2.32
1.34
2.08
3.47
3.54
3.59
6.67
9.21
11.7
9.97
12.7
15.7
15.6
18.2
18.3
17.5
11.9
19.9
13.8
12.7
14.5
9.09
11.0
8.54
5.86
1.41
6.8
9.84
5.42
0.606
0.0
0.0
0.0
0.0
11.2
13.5
14.7
12.5
16.4
14.8
14.3
11.0
14.1
14.0
16.5
17.3
16.1
16.9
16.4
16.6
16.4
14.2
16.6
16.4
15.5
14.5
2.45
0.0
0.0
0.726
0.314
0.0
0.152
11.1
4.31
8.86
6.52
8.39
9.8
7.81
4.68
5.04
6.92
6.67
8.54
9.14
8.46
10.6
10.9
9.98
11.0
10.8
11.7
11.8
12.1
10.9
10.3
11.9
13.7
12.6
11.6
13.2
13.2
12.7
12.9
12.1
13.1
12.5
13.3
13.7
13.0
12.6
11.3
11.6
12.9
11.8
12.7
13.2
13.0
13.0
11.1
13.7
12.3
13.0
12.6
11.7
12.3
12.5
12.9
12.7
12.5
12.6
12.0
11.3
9.36
10.3
8.48
9.47
10.7
9.88
9.2
10.5
9.59
7.78
8.45
8.62
9.29
9.28
8.22
7.5
7.8
6.62
7.06
4.91
5.62
4.94
3.11
2.75
5.08
4.28
3.86
2.7
2.1
3.2
4.29
3.53
5.83
4.38
6.54
4.78
7.86
7.53
6.23
9.46
6.38
6.77
5.74
5.43
6.8
0.227
3.25
1.4
1.79
1.14
0.357
0.0
0.011
1.31
0.932
1.6
1.4
0.715
1.25
2.03
2.65
1.79
2.19
1.21
0.227
0.661
1.74
2.06
1.53
1.66
2.34
1.83
1.7
1.43
1.62
1.31
1.23
1.81
1.47
2.23
1.75
2.11
1.82
1.54
0.195
0.022
0.737
1.14
2.39
3.27
3.76
4.46
4.8
6.59
7.08
6.21
9.12
10.6
7.97
5.3
8.37
8.97
9.19
11.2
10.6
16.0
17.6
17.2
15.0
13.8
15.6
14.5
6.04
16.1
11.0
16.0
17.6
17.7
16.6
19.1
14.0
7.28
7.67
0.011
13.8
5.82
8.3
8.21
8.9
11.6
12.5
12.1
12.1
13.8
16.2
13.8
13.7
14.0
17.4
8.8
22.7
18.8
18.9
18.9
18.1
19.3
17.8
19.2
19.6
19.5
19.0
18.0
13.7
15.3
18.7
17.8
18.1
14.0
15.2
13.0
14.2
16.8
18.3
18.4
17.2
18.0
17.2
15.1
18.0
15.9
15.3
14.5
16.5
15.5
12.6
10.6
12.1
11.7
9.75
8.88
6.84
0.953
4.99
6.8
13.0
11.5
9.72
11.2
10.4
9.59
0.13
12.5
14.3
12.1
17.5
17.7
14.9
15.5
16.8
16.3
18.8
14.8
18.3
17.7
15.1
19.1
15.0
15.8
14.4
17.8
16.8
16.1
17.9
17.7
16.9
15.3
19.9
15.3
15.5
17.3
15.6
15.5
18.2
15.2
15.4
14.4
12.4
13.5
15.8
14.7
11.6
13.7
12.8
14.2
15.9
14.7
15.7
13.4
12.6
16.2
18.4
16.1
14.2
9.73
12.1
10.1
6.48
8.43
11.4
8.71
8.36
7.46
13.0
14.7
14.0
16.8
16.2
13.9
16.6
16.1
18.1
17.4
14.6
17.8
17.3
15.9
8.85
12.5
13.2
13.2
12.2
12.7
13.2
14.4
13.5
13.7
12.5
14.4
14.0
15.1
14.0
18.6
18.2
15.3
13.0
14.7
14.6
12.5
13.2
12.5
12.5
14.9
13.5
13.0
13.5
12.3
17.7
10.6
19.6
16.4
16.7
17.5
17.6
17.3
17.1
18.1
18.5
15.2
18.5
13.8
11.4
14.3
12.9
11.3
13.3
3.94
9.65
14.6
13.4
8.17
5.36
10.1
9.53
12.7
8.23
17.8
13.9
16.5
8.32
0.79
2.44
0.0
0.0
2.69
0.52
0.0
0.0
0.0
0.0
0.0
0.325
16.7
4.67
4.55
5.3
6.48
7.6
7.83
7.0
4.85
5.94
9.07
8.73
9.37
8.7
7.69
11.4
11.2
11.8
11.6
13.8
10.1
4.02
5.44
4.12
4.84
4.63
4.8
9.33
7.82
10.3
11.5
9.54
10.9
11.0
9.9
10.1
13.3
12.4
11.9
12.4
12.0
10.7
13.3
12.3
11.3
10.3
12.5
12.6
11.8
10.7
11.5
12.7
10.8
9.36
5.93
12.8
10.8
12.4
9.1
3.86
5.49
4.11
2.61
5.48
0.173
0.011
11.7
6.62
6.19
5.32
8.46
8.31
10.7
5.28
1.95
2.14
1.05
2.6
2.23
2.34
3.77
2.79
3.12
3.35
3.18
3.48
3.61
3.85
3.21
3.35
3.35
2.7
2.55
3.13
2.83
2.91
2.37
3.28
2.99
1.82
2.0
1.62
2.81
1.72
4.26
4.85
4.6
5.23
4.04
3.5
4.22
5.25
4.46
3.15
3.88
4.65
4.9
6.01
3.62
6.18
2.99
4.25
4.05
3.54
2.89
2.21
4.43
4.45
2.07
3.28
2.03
0.888
0.92
3.43
1.93
1.41
0.823
1.55
0.921
0.606
1.32
1.29
1.59
1.18
2.23
2.81
3.54
3.93
3.52
3.89
3.54
3.91
2.45
5.15
3.48
2.74
6.34
6.66
6.04
5.69
5.1
8.17
5.61
6.12
6.36
5.18
4.71
2.62
2.72
2.07
2.1
2.72
3.25
0.011
0.0
4.82
2.7
2.76
2.52
2.61
1.86
2.77
1.53
2.52
1.25
3.43
2.77
2.72
2.44
3.04
1.88
3.4
2.6
2.43
0.0
0.0
0.011
12.3
1.61
0.65
1.32
2.17
2.58
2.99
4.3
3.87
3.3
0.433
5.49
1.31
4.5
4.29
1.73
1.41
2.12
1.87
2.66
1.78
0.509
5.1
1.29
3.83
1.44
3.21
2.59
3.01
4.39
1.08
7.82
4.7
9.22
8.02
8.25
8.04
10.2
7.74
8.88
8.25
8.48
5.65
4.51
3.16
4.16
1.88
5.05
0.0
4.53
6.49
6.78
6.08
6.0
5.15
3.73
4.72
4.2
5.23
4.42
5.18
4.52
4.5
4.0
3.76
3.78
3.29
3.79
3.08
3.86
3.42
3.4
3.76
3.92
3.94
3.77
4.27
3.2
4.17
4.68
5.64
5.24
5.69
6.0
6.46
6.74
6.66
7.18
7.49
7.23
5.37
5.2
5.07
6.22
5.88
5.69
5.06
5.48
5.45
5.13
5.83
5.7
4.85
6.53
6.65
5.79
5.46
4.87
5.35
5.09
4.49
3.86
4.06
2.19
0.412
4.07
5.51
1.81
1.09
5.35
5.75
0.271
0.0
0.0
0.0
2.01
4.81
3.51
3.36
4.65
0.249
0.0
2.35
5.22
5.24
4.44
5.54
3.96
5.02
4.9
5.19
5.72
7.43
7.48
7.5
1.19
5.89
5.19
4.26
4.52
4.87
4.9
5.39
5.02
5.33
4.87
5.0
4.85
4.03
3.91
3.89
4.71
3.25
2.67
3.87
4.51
3.65
4.01
4.52
4.69
3.27
5.35
4.17
5.07
4.2
4.98
5.24
4.39
4.16
4.37
4.66
3.51
5.76
3.73
4.22
3.61
3.28
3.13
3.85
3.24
3.73
3.72
3.62
2.82
3.47
2.39
3.55
2.37
2.11
1.77
2.78
4.42
4.58
7.75
7.89
3.95
3.21
7.17
7.99
7.06
7.66
8.31
6.22
5.51
4.32
4.74
7.41
7.95
2.35
7.4
6.06
5.23
1.91
2.87
1.75
1.88
2.14
1.39
1.84
2.7
3.33
3.44
3.66
3.37
5.13
6.08
4.85
5.68
4.71
5.47
5.51
6.13
4.93
4.87
5.17
5.42
5.33
4.87
5.42
3.89
4.98
8.31
7.95
7.51
7.45
7.84
7.97
7.98
6.89
7.76
8.71
8.69
7.69
8.25
8.64
7.67
7.84
7.7
9.72
7.72
9.07
9.39
7.68
9.14
8.28
8.06
8.04
7.56
0.909
8.13
4.54
5.69
5.12
6.04
3.98
2.92
2.78
2.03
1.53
0.119
2.83
3.67
1.69
3.97
2.63
2.73
2.59
2.61
2.81
2.4
2.61
1.55
1.57
3.26
2.06
1.36
1.6
1.81
0.942
1.99
3.27
3.12
0.845
3.12
3.29
3.35
4.35
3.76
4.5
4.99
6.86
6.73
9.79
10.5
9.61
7.76
8.7
9.1
8.9
9.4
9.82
9.65
11.0
9.58
11.5
10.7
9.2
10.6
8.94
6.87
6.25
9.2
9.07
11.0
7.47
7.53
8.76
6.94
9.63
8.34
10.1
10.2
10.3
9.33
9.9
6.3
9.72
8.18
7.32
5.72
4.47
5.17
9.89
7.58
10.3
7.51
9.39
4.42
0.78
0.0
0.0
0.0
6.72
2.71
2.12
2.19
3.69
1.85
3.55
6.39
3.25
2.54
1.68
1.72
2.86
1.52
1.6
0.455
0.0
2.24
2.53
1.48
1.32
1.26
0.758
0.802
0.921
2.39
0.108
0.065
2.13
0.466
1.69
2.74
2.38
2.56
2.61
2.97
2.68
3.39
2.68
3.35
3.33
2.95
3.22
3.33
3.15
3.5
3.1
3.52
3.53
3.54
3.55
3.05
2.71
3.23
3.37
3.41
3.79
3.6
3.09
3.54
3.36
3.95
3.62
3.37
3.87
3.4
3.65
2.61
3.3
3.03
2.61
2.68
2.66
2.71
2.69
2.87
3.5
3.3
3.37
2.92
2.89
1.94
3.88
2.63
2.32
1.99
2.08
1.33
1.16
1.64
1.09
2.36
1.13
1.08
0.921
1.71
1.2
0.227
1.34
1.81
0.563
0.032
0.0
0.032
2.88
4.02
3.39
2.98
1.06
0.303
1.73
1.86
1.25
1.65
1.57
2.05
2.9
2.97
2.49
2.79
3.31
2.42
2.27
3.23
3.41
3.9
1.96
3.27
5.77
4.46
4.24
3.11
2.71
1.71
2.52
1.81
0.845
2.14
1.92
1.72
0.802
0.173
0.304
0.682
1.25
1.72
1.66
0.866
0.769
2.31
3.2
4.43
4.85
6.56
3.43
6.44
5.26
11.1
14.1
12.8
11.0
11.7
12.0
13.0
14.9
15.6
13.2
14.2
15.8
17.2
13.4
13.4
9.16
6.4
0.0
0.0
0.0
0.0
0.0
0.0
0.412
4.15
4.87
6.81
5.24
0.704
9.38
6.46
7.76
10.7
9.66
8.88
5.53
10.4
10.5
4.96
2.22
0.0
0.0
0.824
4.07
2.25
2.98
6.82
7.32
8.6
9.53
9.62
10.8
11.0
10.6
1.9
0.087
7.29
1.07
2.01
2.99
3.27
4.81
5.26
6.2
8.56
10.8
15.2
10.4
13.2
12.2
11.9
14.1
15.4
17.6
19.0
18.7
17.1
11.5
0.054
16.5
6.84
5.48
6.62
5.88
6.9
8.11
7.7
7.86
7.51
6.86
7.68
6.9
8.98
7.85
6.73
3.08
4.4
3.73
3.46
4.19
6.87
6.26
7.6
9.63
1.48
1.85
0.444
1.42
3.27
2.51
3.75
4.93
3.67
2.56
1.21
1.99
1.48
2.39
2.92
4.04
7.26
7.54
7.53
9.4
8.5
6.4
7.49
8.43
5.76
5.19
0.032
8.58
0.498
0.032
0.0
0.0
0.0
0.0
0.0
0.0
0.0
0.0
0.0
0.0
0.0
0.0
0.0
0.0
0.0
0.0
0.0
0.0
0.0
0.0
2.16
2.19
2.58
2.45
1.99
4.81
4.03
7.21
7.34
8.44
9.26
9.99
7.91
9.18
5.2
6.5
6.35
1.7
0.498
3.76
1.2
0.542
5.26
1.91
0.758
3.38
1.7
1.88
1.73
1.51
0.032
3.56
1.82
1.87
2.2
2.48
2.43
2.56
2.44
2.62
2.72
2.56
2.19
1.64
2.81
2.78
2.45
3.11
2.39
3.35
2.44
1.25
0.866
1.99
0.563
0.672
0.0
0.0
5.52
3.05
0.487
1.43
2.6
4.26
2.65
1.15
1.01
2.66
1.9
2.24
0.986
3.29
1.96
2.26
2.01
2.08
2.73
3.09
0.368
5.45
1.84
0.725
4.0
4.06
0.043
7.44
0.943
2.17
1.05
1.06
0.661
2.01
4.2
2.44
0.563
0.996
1.44
0.617
5.49
5.69
6.38
5.35
5.78
7.5
9.99
11.1
10.6
9.6
10.8
9.22
11.3
11.6
9.89
10.7
11.5
12.5
10.6
10.7
13.3
13.5
10.2
12.2
13.3
12.9
1.33
8.04
9.37
10.0
10.6
11.9
11.6
9.19
10.5
9.23
6.78
10.8
12.1
11.5
12.2
12.3
12.1
13.1
13.7
0.0
5.48
11.3
12.7
12.4
6.98
12.7
4.47
2.21
7.16
4.25
0.91
0.336
3.79
3.21
3.02
3.61
3.24
3.04
5.85
2.89
6.45
2.53
4.02
3.88
4.02
4.15
3.88
3.15
4.29
3.46
4.16
3.7
4.26
4.26
3.74
4.11
3.34
3.62
4.06
6.17
6.35
6.24
5.46
4.71
5.76
6.1
5.3
6.75
5.9
7.37
7.09
7.24
7.9
7.75
6.59
7.27
7.59
7.02
7.79
7.12
7.31
6.69
6.35
6.76
6.92
6.87
6.75
5.9
5.21
7.24
6.58
6.81
6.63
6.51
6.56
6.49
6.28
7.93
6.09
2.32
4.74
5.44
1.65
8.71
5.83
7.59
9.28
6.66
10.3
9.22
7.95
6.88
7.73
5.13
1.37
1.71
5.5
2.74
2.72
3.53
2.01
1.68
1.64
2.88
4.81
6.02
8.72
8.62
9.26
9.26
8.36
7.29
5.41
7.1
9.36
9.43
8.2
8.5
10.1
9.28
9.06
8.86
8.29
6.62
2.4
4.93
4.98
7.2
10.5
8.25
9.53
7.76
6.48
6.67
3.44
4.32
5.28
6.49
6.92
7.29
6.75
7.43
7.25
7.44
6.48
6.48
6.03
6.77
7.14
6.21
6.96
7.11
7.43
4.73
7.84
6.76
6.72
7.15
6.5
6.76
6.92
7.0
6.5
7.02
7.78
1.8
8.23
3.85
4.47
6.25
6.28
5.64
7.03
7.11
6.78
7.12
6.28
5.29
5.69
7.26
6.13
3.14
0.942
5.66
7.77
3.38
3.72
4.21
3.35
3.33
3.46
3.68
3.52
3.89
2.11
4.64
2.6
2.03
2.63
1.28
2.31
1.33
0.455
1.68
2.44
2.6
0.0
0.0
2.42
0.953
5.15
6.35
6.93
7.39
7.8
9.69
8.86
8.52
9.2
3.61
3.52
4.95
4.44
7.25
3.62
5.9
10.9
8.73
14.4
7.59
9.1
3.14
3.48
0.011
0.0
0.0
0.0
0.835
2.64
2.03
2.9
2.62
2.39
2.64
2.7
2.51
2.83
2.75
2.96
4.82
3.74
3.85
3.26
3.6
4.14
4.21
4.34
4.37
4.19
5.04
5.28
4.5
4.22
4.87
5.49
5.3
5.1
4.99
5.44
5.39
5.35
2.89
6.32
4.35
5.2
4.33
4.8
3.13
4.8
6.91
5.18
7.22
6.99
6.33
7.53
5.21
5.74
6.73
5.92
7.46
6.94
8.04
7.99
7.12
9.62
9.66
7.64
5.42
2.43
0.011
7.61
4.44
4.37
3.92
2.82
2.58
3.63
4.73
3.34
3.35
3.34
4.03
5.23
2.91
4.95
4.61
5.24
5.35
5.16
5.2
4.87
5.75
5.32
5.32
5.07
6.92
5.63
0.13
6.55
3.7
4.07
3.86
4.18
4.74
5.19
4.55
4.33
4.46
4.73
4.38
3.78
4.24
2.74
4.42
4.26
4.64
3.39
3.23
3.86
5.21
4.83
4.12
4.81
5.21
4.7
4.6
0.054
6.78
3.09
2.76
4.3
4.99
3.95
6.6
5.91
0.0
5.24
7.08
5.85
2.3
6.17
4.71
1.92
0.682
3.04
2.58
4.4
2.26
4.14
1.99
8.69
7.64
7.63
7.65
8.41
9.51
7.91
3.97
6.07
2.78
3.2
4.32
4.05
3.17
1.81
2.37
5.32
5.62
4.24
3.7
4.26
3.35
3.72
5.25
5.36
3.79
1.79
1.86
2.72
3.07
3.11
2.83
2.49
2.89
3.82
1.83
3.27
2.18
1.84
2.11
1.59
1.87
2.16
3.29
0.628
2.74
4.82
1.29
0.0
7.46
0.585
2.31
4.43
5.93
5.3
7.45
1.01
8.4
4.63
4.53
5.9
2.34
1.27
1.42
3.24
4.52
1.82
5.0
1.69
2.14
2.1
3.18
1.49
6.18
10.7
7.01
13.1
12.4
11.9
6.66
0.487
11.2
11.9
12.1
9.64
11.3
12.0
10.9
3.23
0.011
6.6
4.03
3.96
3.73
4.74
5.93
8.57
10.5
8.58
8.71
11.4
8.54
8.48
10.8
9.56
10.1
8.3
11.0
11.6
11.4
12.2
10.1
12.5
10.4
10.6
11.3
11.4
6.43
8.09
11.1
10.7
6.13
7.65
7.02
7.77
8.29
5.51
9.71
10.3
11.2
10.5
13.2
12.0
10.7
9.76
7.99
10.0
11.9
11.5
11.2
12.7
10.7
10.1
10.7
9.19
10.7
3.42
1.93
1.61
6.79
4.93
3.93
3.8
1.01
2.32
6.87
4.25
7.66
8.17
5.11
11.2
13.0
10.3
12.9
15.0
11.2
7.44
12.8
16.9
19.9
22.1
19.9
20.2
18.7
22.6
12.4
21.1
16.5
11.9
15.7
0.011
0.0
0.0
0.0
9.97
8.84
8.74
4.13
8.78
8.38
7.95
9.81
8.34
6.8
10.5
11.1
10.2
12.3
11.0
10.9
10.3
12.4
7.98
15.2
12.4
11.8
9.87
9.45
8.34
14.8
12.3
11.6
11.1
13.2
10.6
12.9
11.0
12.2
11.4
12.0
11.6
12.4
13.2
12.9
11.6
7.65
13.6
10.1
10.5
5.44
12.4
6.64
10.0
9.17
8.93
8.49
6.19
3.88
5.06
11.4
9.77
11.2
7.91
8.99
5.41
4.7
7.28
6.33
3.92
2.94
3.33
3.81
3.42
3.85
4.49
0.0
6.24
4.92
12.1
12.9
12.4
0.715
8.22
1.78
8.82
8.62
7.86
8.55
7.81
8.21
7.43
5.14
10.4
8.16
8.1
7.69
7.86
8.74
8.08
7.51
7.12
8.68
8.28
8.42
8.49
8.35
8.44
9.26
8.87
9.6
8.26
8.97
9.1
8.23
8.41
8.12
8.5
9.89
9.48
9.53
9.25
9.66
9.0
9.36
9.09
9.38
8.58
10.2
8.58
9.48
7.65
6.94
6.45
7.72
7.89
8.21
8.23
8.55
8.45
8.38
8.88
8.45
8.18
8.42
8.29
7.99
8.37
1.26
11.9
5.83
7.09
6.92
4.84
5.69
9.22
9.8
9.9
1.78
0.206
7.87
2.43
10.2
8.78
8.59
9.89
8.84
9.16
9.21
8.86
8.42
8.38
9.47
8.33
5.47
6.34
6.81
4.74
5.18
4.93
3.81
3.37
1.61
0.628
2.11
1.59
3.15
2.88
5.16
4.93
6.14
5.49
4.02
3.25
1.99
3.67
2.55
2.98
3.43
2.19
2.92
2.33
0.0
1.79
0.65
1.68
1.38
0.997
1.69
1.09
1.71
1.58
0.737
1.42
1.91
1.47
1.7
1.2
0.964
0.704
1.19
0.498
1.96
2.78
4.26
5.03
6.6
4.77
6.86
7.16
7.72
7.64
7.78
7.32
9.0
9.19
6.75
6.96
6.07
6.68
5.04
7.58
8.82
8.09
8.32
7.89
8.65
9.15
8.34
8.67
7.59
7.41
11.0
10.8
10.5
10.1
7.86
8.8
8.43
5.26
10.9
9.08
5.93
4.13
3.01
4.04
2.72
1.58
4.71
3.48
6.58
5.37
5.05
6.49
4.99
11.3
10.7
11.0
11.6
10.6
11.0
12.2
11.3
12.8
12.1
9.74
9.11
14.1
11.3
12.6
12.0
12.7
12.4
12.3
11.8
12.2
12.1
12.3
11.4
15.6
19.4
17.1
15.9
16.3
13.9
12.9
12.0
13.6
14.3
17.0
15.3
17.9
15.9
17.5
16.0
18.5
21.0
19.6
20.5
21.8
19.4
18.4
21.7
17.9
19.5
21.4
20.3
19.5
21.5
20.0
19.3
18.7
17.2
16.2
14.6
12.8
11.2
10.7
5.53
6.58
2.07
0.606
0.78
0.0
0.0
0.0
0.0
0.0
0.0
0.054
0.0
0.0
0.0
0.0
0.0
0.0
0.0
0.0
0.0
0.0
0.0
0.0
0.0
0.0
0.0
0.0
0.0
0.0
0.011
25.7
4.56
4.2
6.21
7.75
11.8
12.0
17.6
19.0
21.4
20.9
20.0
21.4
21.3
20.9
20.9
18.1
20.1
17.4
18.5
18.7
18.0
21.4
21.8
19.3
20.7
19.4
19.3
21.4
11.5
20.1
18.3
22.8
19.2
18.1
14.4
19.7
17.1
15.5
18.7
11.2
10.9
16.4
12.2
15.9
19.0
17.6
17.3
14.5
15.6
17.8
17.5
19.9
22.1
22.6
21.2
23.3
22.0
19.2
22.8
21.6
21.7
23.0
21.3
19.5
13.4
14.3
15.3
15.9
8.32
4.26
0.0
13.3
18.1
17.5
17.9
14.8
18.9
18.9
16.3
16.4
16.9
16.6
13.6
7.7
7.97
0.0
1.42
0.0
0.0
0.0
0.011
0.0
0.163
5.85
0.0
0.0
0.0
0.0
0.0
0.0
0.0
0.0
0.0
0.0
0.0
0.0
0.0
0.0
0.0
0.0
0.0
0.0
0.0
0.0
0.0
0.0
3.76
4.68
3.57
2.79
3.89
3.81
2.0
3.72
1.97
0.0
0.0
0.0
0.0
0.0
0.0
0.0
0.0
2.26
3.2
1.45
0.412
0.531
0.401
0.032
2.01
0.011
1.28
2.38
1.53
1.21
0.574
1.52
1.86
1.4
1.55
1.78
2.46
0.931
0.011
0.043
0.552
0.195
0.065
0.022
0.423
0.498
0.715
1.17
1.39
0.704
0.932
0.477
0.899
1.16
0.477
1.06
1.16
0.726
0.921
1.6
1.73
0.823
1.75
2.12
1.52
1.19
0.216
0.0
0.0
0.0
0.043
1.39
1.43
2.21
4.18
1.35
2.45
1.32
0.639
0.13
0.52
0.0
2.95
6.37
6.09
4.87
4.85
2.23
0.845
0.758
1.86
1.21
1.78
2.23
2.24
3.48
3.09
3.91
3.81
3.64
0.0
7.45
2.89
3.14
3.55
3.86
3.09
2.82
0.0
2.95
5.09
1.15
0.0
6.18
9.31
7.56
8.96
9.67
9.63
11.6
11.8
9.45
8.23
12.6
13.9
10.3
9.86
10.3
9.03
10.1
12.2
9.76
10.9
7.87
10.0
11.4
10.2
11.5
14.5
9.8
9.32
4.94
8.96
11.5
12.5
13.0
11.9
9.8
10.8
15.5
14.0
15.0
15.5
16.0
12.9
9.26
16.8
13.5
14.5
11.7
13.2
13.0
8.89
9.46
12.9
12.1
11.0
11.0
10.6
13.5
12.7
14.1
13.7
16.1
13.6
10.1
12.4
12.9
10.2
11.4
14.8
13.2
13.7
13.5
12.5
12.4
12.5
13.1
13.4
12.2
11.6
14.3
14.0
13.5
12.1
16.9
16.6
17.5
17.6
17.2
17.5
19.5
18.5
17.9
17.2
19.4
16.5
18.3
19.0
19.1
17.3
17.9
17.4
16.4
14.4
18.5
18.6
17.4
19.2
19.0
18.7
19.3
19.2
18.2
18.5
20.5
18.3
19.4
13.8
10.5
12.7
12.1
14.4
14.3
12.4
16.2
10.3
11.1
10.3
8.67
12.3
16.4
13.4
15.5
19.5
17.2
17.8
17.9
19.0
17.3
19.3
18.8
18.4
20.1
17.8
19.6
19.0
17.7
18.5
19.3
19.0
19.4
19.2
16.3
0.054
16.0
2.12
0.0
0.0
0.0
4.64
6.88
7.64
7.83
8.7
8.25
12.6
11.4
14.0
8.98
1.85
0.011
7.48
7.99
11.3
12.3
11.2
11.2
11.0
15.8
13.3
15.5
17.3
16.5
16.2
17.2
13.3
13.7
14.2
14.8
12.2
13.2
15.6
15.1
14.9
15.9
16.5
17.2
15.6
13.6
16.8
17.1
17.8
17.1
15.4
12.0
16.9
12.8
13.9
12.9
10.3
3.91
4.78
0.931
0.0
0.0
0.0
0.0
0.0
0.0
0.0
0.0
0.0
0.0
0.0
0.0
0.0
0.0
0.0
0.0
0.0
0.0
0.0
0.0
0.0
0.0
0.0
0.0
0.0
0.0
0.0
0.0
0.0
0.0
0.0
0.0
0.0
0.011
0.0
0.0
0.0
0.0
0.0
0.0
0.0
0.0
0.0
0.0
0.0
0.0
0.0
0.0
0.0
0.0
