1.48
1.85
0.44
1.42
3.27
2.51
3.75
4.93
3.67
2.56
1.21
1.99
1.48
2.39
2.92
4.04
7.26
7.54
7.53
9.4
8.5
6.4
7.49
8.43
5.76
5.19
0.03
8.58
0.5
0.03
0
0
0
0
0
0
0
0
0
0
0
0
0
0
0
0
0
0
0
0
2.16
2.19
2.58
2.45
1.99
4.81
4.03
7.21
7.34
8.44
9.26
9.99
7.91
9.18
5.2
6.5
6.35
1.7
0.5
3.76
1.2
0.54
5.26
1.91
0.76
3.38
1.7
1.88
1.73
1.51
0.03
3.56
1.82
1.87
2.2
2.48
2.43
2.56
2.44
2.62
2.72
2.56
2.19
1.64
2.81
2.78
2.45
3.11
2.39
3.35
2.44
1.25
0.87
1.99
0.56
0.67
0
0
5.52
3.05
0.49
1.43
2.6
4.26
2.65
1.15
1.01
2.66
1.9
2.24
0.99
3.29
1.96
2.26
2.01
2.08
2.73
3.09
0.37
5.45
1.84
0.72
4.0
4.06
0.04
7.44
0.94
2.17
1.05
1.06
0.66
2.01
4.2
2.44
0.56
1.0
1.44
0.62
5.49
5.69
6.38
5.35
5.78
7.5
9.99
11.1
10.6
9.6
10.8
9.22
11.3
11.6
9.89
10.7
11.5
12.5
10.6
10.7
13.3
13.5
10.2
12.2
13.3
12.9
1.33
8.04
9.37
10.0
10.6
11.9
11.6
9.19
10.5
9.23
6.78
10.8
12.1
11.5
12.2
12.3
12.1
13.1
13.7
0
5.48
11.3
12.7
12.4
6.98
12.7
4.47
2.21
7.16
4.25
0.91
0.34
3.79
3.21
3.02
3.61
3.24
3.04
5.85
2.89
6.45
2.53
4.02
3.88
4.02
4.15
3.88
3.15
4.29
3.46
4.16
3.7
4.26
4.26
3.74
4.11
3.34
3.62
4.06
6.17
6.35
6.24
5.46
4.71
5.76
6.1
5.3
6.75
5.9
7.37
7.09
7.24
7.9
7.75
6.59
7.27
7.59
7.02
7.79
7.12
7.31
6.69
6.35
6.76
6.92
6.87
6.75
5.9
5.21
7.24
6.58
6.81
6.63
6.51
6.56
6.49
6.28
7.93
6.09
2.32
4.74
5.44
1.65
8.71
5.83
7.59
9.28
6.66
10.3
9.22
7.95
6.88
7.73
5.13
1.37
1.71
5.5
2.74
2.72
3.53
2.01
1.68
1.64
2.88
4.81
6.02
8.72
8.62
9.26
9.26
8.36
7.29
5.41
7.1
9.36
9.43
8.2
8.5
10.1
9.28
9.06
8.86
8.29
6.62
2.4
4.93
4.98
7.2
10.5
8.25
9.53
7.76
6.48
6.67
3.44
4.32
5.28
6.49
6.92
7.29
6.75
7.43
7.25
7.44
6.48
6.48
6.03
6.77
7.14
6.21
6.96
7.11
7.43
4.73
7.84
6.76
6.72
7.15
6.5
6.76
6.92
7.0
6.5
7.02
7.78
1.8
8.23
3.85
4.47
6.25
6.28
5.64
7.03
7.11
6.78
7.12
6.28
5.29
5.69
7.26
6.13
3.14
0.94
5.66
7.77
3.38
3.72
4.21
3.35
3.33
3.46
3.68
3.52
3.89
2.11
4.64
2.6
2.03
2.63
1.28
2.31
1.33
0.46
1.68
2.44
2.6
0
0
2.42
0.95
5.15
6.35
6.93
7.39
7.8
9.69
8.86
8.52
9.2
3.61
3.52
4.95
4.44
7.25
3.62
5.9
10.9
8.73
14.4
7.59
9.1
3.14
3.48
0.01
0
0
0
0.83
2.64
2.03
2.9
2.62
2.39
2.64
2.7
2.51
2.83
2.75
2.96
4.82
3.74
3.85
3.26
3.6
4.14
4.21
4.34
4.37
4.19
5.04
5.28
4.5
4.22
4.87
5.49
5.3
5.1
4.99
5.44
5.39
5.35
2.89
6.32
4.35
5.2
4.33
4.8
3.13
4.8
6.91
5.18
7.22
6.99
6.33
7.53
5.21
5.74
6.73
5.92
7.46
6.94
8.04
7.99
7.12
9.62
9.66
7.64
5.42
2.43
0.01
7.61
4.44
4.37
3.92
2.82
2.58
3.63
4.73
3.34
3.35
3.34
4.03
5.23
2.91
4.95
4.61
5.24
5.35
5.16
5.2
4.87
5.75
5.32
5.32
5.07
6.92
5.63
0.13
6.55
3.7
4.07
3.86
4.18
4.74
5.19
4.55
4.33
4.46
4.73
4.38
3.78
4.24
2.74
4.42
4.26
4.64
3.39
3.23
3.86
5.21
4.83
4.12
4.81
5.21
4.7
4.6
0.05
6.78
3.09
2.76
4.3
4.99
3.95
6.6
5.91
0
5.24
7.08
5.85
2.3
6.17
4.71
1.92
0.68
3.04
2.58
4.4
2.26
4.14
1.99
8.69
7.64
7.63
7.65
8.41
9.51
7.91
3.97
6.07
2.78
3.2
4.32
4.05
3.17
1.81
2.37
5.32
5.62
4.24
3.7
4.26
3.35
3.72
5.25
5.36
3.79
1.79
1.86
2.72
3.07
3.11
2.83
2.49
2.89
3.82
1.83
3.27
2.18
1.84
2.11
1.59
1.87
2.16
3.29
0.63
2.74
4.82
1.29
0
7.46
0.58
2.31
4.43
5.93
5.3
7.45
1.01
8.4
4.63
4.53
5.9
2.34
1.27
1.42
3.24
4.52
1.82
5.0
1.69
2.14
2.1
3.18
1.49
6.18
10.7
7.01
13.1
12.4
11.9
6.66
0.49
11.2
11.9
12.1
9.64
11.3
12.0
10.9
3.23
0.01
6.6
4.03
3.96
3.73
4.74
5.93
8.57
10.5
8.58
8.71
11.4
8.54
8.48
10.8
9.56
10.1
8.3
11.0
11.6
11.4
12.2
10.1
12.5
10.4
10.6
11.3
11.4
6.43
8.09
11.1
10.7
6.13
7.65
7.02
7.77
8.29
5.51
9.71
10.3
11.2
10.5
13.2
12.0
10.7
9.76
7.99
10.0
11.9
11.5
11.2
12.7
10.7
10.1
10.7
9.19
10.7
3.42
1.93
1.61
6.79
4.93
3.93
3.8
1.01
2.32
6.87
4.25
7.66
8.17
5.11
11.2
13.0
10.3
12.9
15.0
11.2
7.44
12.8
16.9
19.9
22.1
19.9
20.2
18.7
22.6
12.4
21.1
16.5
11.9
15.7
0.01
0
0
0
9.97
8.84
8.74
4.13
8.78
8.38
7.95
9.81
8.34
6.8
10.5
11.1
10.2
12.3
11.0
10.9
10.3
12.4
7.98
15.2
12.4
11.8
9.87
9.45
8.34
14.8
12.3
11.6
11.1
13.2
10.6
12.9
11.0
12.2
11.4
12.0
11.6
12.4
13.2
12.9
11.6
7.65
13.6
10.1
10.5
5.44
12.4
6.64
10.0
9.17
8.93
8.49
6.19
3.88
5.06
11.4
9.77
11.2
7.91
8.99
5.41
4.7
7.28
6.33
3.92
2.94
3.33
3.81
3.42
3.85
4.49
0
6.24
4.92
12.1
12.9
12.4
0.71
8.22
1.78
8.82
8.62
7.86
8.55
7.81
8.21
7.43
5.14
10.4
8.16
8.1
7.69
7.86
8.74
8.08
7.51
7.12
8.68
8.28
8.42
8.49
8.35
8.44
9.26
8.87
9.6
8.26
8.97
9.1
8.23
8.41
8.12
8.5
9.89
9.48
9.53
9.25
9.66
9.0
9.36
9.09
9.38
8.58
10.2
8.58
9.48
7.65
6.94
6.45
7.72
7.89
8.21
8.23
8.55
8.45
8.38
8.88
8.45
8.18
8.42
8.29
7.99
8.37
1.26
11.9
5.83
7.09
6.92
4.84
5.69
9.22
9.8
9.9
1.78
0.21
7.87
2.43
10.2
8.78
8.59
9.89
8.84
9.16
9.21
8.86
8.42
8.38
9.47
8.33
5.47
6.34
6.81
4.74
5.18
4.93
3.81
3.37
1.61
0.63
2.11
1.59
3.15
2.88
5.16
4.93
6.14
5.49
4.02
3.25
1.99
3.67
2.55
2.98
3.43
2.19
2.92
2.33
0
1.79
0.65
1.68
1.38
1.0
1.69
1.09
1.71
1.58
0.74
1.42
1.91
1.47
1.7
1.2
0.96
0.7
1.19
0.5
1.96
2.78
4.26
5.03
6.6
4.77
6.86
7.16
7.72
7.64
7.78
7.32
9.0
9.19
6.75
6.96
6.07
6.68
5.04
7.58
8.82
8.09
8.32
7.89
8.65
9.15
8.34
8.67
7.59
7.41
11.0
10.8
10.5
10.1
7.86
8.8
8.43
5.26
10.9
9.08
5.93
4.13
3.01
4.04
2.72
1.58
4.71
3.48
6.58
5.37
5.05
6.49
4.99
11.3
10.7
11.0
11.6
10.6
11.0
12.2
11.3
12.8
12.1
9.74
9.11
14.1
11.3
12.6
12.0
12.7
12.4
12.3
11.8
12.2
12.1
12.3
11.4
15.6
19.4
17.1
15.9
16.3
13.9
12.9
12.0
13.6
14.3
17.0
15.3
17.9
15.9
17.5
16.0
18.5
21.0
19.6
20.5
21.8
19.4
18.4
21.7
17.9
19.5
21.4
20.3
19.5
21.5
20.0
19.3
18.7
17.2
16.2
14.6
12.8
11.2
10.7
5.53
6.58
2.07
0.61
0.78
0
0
0
0
0
0
0.05
0
0
0
0
0
0
0
0
0
0
0
0
0
0
0
0
0
0
0.01
25.7
4.56
4.2
6.21
7.75
11.8
12.0
17.6
19.0
21.4
20.9
20.0
21.4
21.3
20.9
20.9
18.1
20.1
17.4
18.5
18.7
18.0
21.4
21.8
19.3
20.7
19.4
19.3
21.4
11.5
20.1
18.3
22.8
19.2
18.1
14.4
19.7
17.1
15.5
18.7
11.2
10.9
16.4
12.2
15.9
19.0
17.6
17.3
14.5
15.6
17.8
17.5
19.9
22.1
22.6
21.2
23.3
22.0
19.2
22.8
21.6
21.7
23.0
21.3
19.5
13.4
14.3
15.3
15.9
8.32
4.26
0
13.3
18.1
17.5
17.9
14.8
18.9
18.9
16.3
16.4
16.9
16.6
13.6
7.7
7.97
0
1.42
0
0
0
0.01
0
0.16
5.85
0
0
0
0
0
0
0
0
0
0
0
0
0
0
0
0
0
0
0
0
0
0
3.76
4.68
3.57
2.79
3.89
3.81
2.0
3.72
1.97
0
0
0
0
0
0
0
0
2.26
3.2
1.45
0.41
0.53
0.4
0.03
2.01
0.01
1.28
2.38
1.53
1.21
0.57
1.52
1.86
1.4
1.55
1.78
2.46
0.93
0.01
0.04
0.55
0.2
0.07
0.02
0.42
0.5
0.71
1.17
1.39
0.7
0.93
0.48
0.9
1.16
0.48
1.06
1.16
0.73
0.92
1.6
1.73
0.82
1.75
2.12
1.52
1.19
0.22
0
0
0
0.04
1.39
1.43
2.21
4.18
1.35
2.45
1.32
0.64
0.13
0.52
0
2.95
6.37
6.09
4.87
4.85
2.23
0.84
0.76
1.86
1.21
1.78
2.23
2.24
3.48
3.09
3.91
3.81
3.64
0
7.45
2.89
3.14
3.55
3.86
3.09
2.82
0
2.95
5.09
1.15
0
6.18
9.31
7.56
8.96
9.67
9.63
11.6
11.8
9.45
8.23
12.6
13.9
10.3
9.86
10.3
9.03
10.1
12.2
9.76
10.9
7.87
10.0
11.4
10.2
11.5
14.5
9.8
9.32
4.94
8.96
11.5
12.5
13.0
11.9
9.8
10.8
15.5
14.0
15.0
15.5
16.0
12.9
9.26
16.8
13.5
14.5
11.7
13.2
13.0
8.89
9.46
12.9
12.1
11.0
11.0
10.6
13.5
12.7
14.1
13.7
16.1
13.6
10.1
12.4
12.9
10.2
11.4
14.8
13.2
13.7
13.5
12.5
12.4
12.5
13.1
13.4
12.2
11.6
14.3
14.0
13.5
12.1
16.9
16.6
17.5
17.6
17.2
17.5
19.5
18.5
17.9
17.2
19.4
16.5
18.3
19.0
19.1
17.3
17.9
17.4
16.4
14.4
18.5
18.6
17.4
19.2
19.0
18.7
19.3
19.2
18.2
18.5
20.5
18.3
19.4
13.8
10.5
12.7
12.1
14.4
14.3
12.4
16.2
10.3
11.1
10.3
8.67
12.3
16.4
13.4
15.5
19.5
17.2
17.8
17.9
19.0
17.3
19.3
18.8
18.4
20.1
17.8
19.6
19.0
17.7
18.5
19.3
19.0
19.4
19.2
16.3
0.05
16.0
2.12
0
0
0
4.64
6.88
7.64
7.83
8.7
8.25
12.6
11.4
14.0
8.98
1.85
0.01
7.48
7.99
11.3
12.3
11.2
11.2
11.0
15.8
13.3
15.5
17.3
16.5
16.2
17.2
13.3
13.7
14.2
14.8
12.2
13.2
15.6
15.1
14.9
15.9
16.5
17.2
15.6
13.6
16.8
17.1
17.8
17.1
15.4
12.0
16.9
12.8
13.9
12.9
10.3
3.91
4.78
0.93
0
0
0
0
0
0
0
0
0
0
0
0
0
0
0
0
0
0
0
0
0
0
0
0
0
0
0
0
0
0
0
0
0
0.01
0
0
0
0
0
0
0
0
0
0
0
0
0
0
0
