2.82
3.6
3.38
3.3
4.6
6.23
4.24
5.23
5.04
4.55
4.2
5.42
4.5
3.67
3.9
3.25
4.45
3.46
4.98
3.61
4.25
4.05
5.56
4.93
5.28
3.82
3.74
3.9
1.33
1.57
3.42
3.09
2.87
0.27
1.68
3.54
3.95
2.98
2.42
4.14
4.79
3.18
4.34
4.07
5.0
4.24
4.01
3.25
3.18
4.43
2.87
2.94
3.91
1.36
2.38
3.56
3.05
3.23
2.72
2.12
3.16
2.71
3.42
4.15
3.59
3.81
3.1
2.9
3.16
4.42
4.11
3.41
3.93
4.5
4.92
5.2
4.67
5.25
4.57
4.55
4.04
4.19
3.95
4.78
5.15
4.83
5.32
5.37
4.64
3.78
5.11
5.31
4.91
4.85
3.66
3.53
3.93
3.66
3.81
3.91
3.9
4.41
4.91
4.08
4.56
4.6
4.05
2.49
4.68
3.96
4.64
4.71
4.91
4.71
4.66
4.47
5.21
5.49
4.08
3.49
5.22
5.43
6.03
4.66
6.81
5.71
5.3
5.73
5.57
5.32
3.66
7.0
5.13
4.84
4.57
5.32
4.81
4.66
4.12
4.67
4.53
5.33
4.74
5.16
5.23
5.28
4.74
4.31
2.6
4.4
3.15
3.69
3.57
3.93
4.0
3.43
3.64
2.81
4.14
3.04
4.3
4.13
3.91
4.19
3.73
4.01
4.64
5.71
5.36
4.41
6.21
5.02
5.27
4.97
4.51
5.31
4.02
3.81
4.01
3.65
3.01
3.31
3.57
4.28
4.05
4.03
4.78
4.94
4.82
5.02
4.22
4.39
5.04
5.05
2.89
2.68
3.48
4.15
4.31
3.57
3.1
3.72
4.11
4.44
3.94
3.98
4.39
3.62
3.95
4.15
4.67
3.05
4.3
4.74
4.21
5.06
4.83
4.22
4.02
4.78
4.46
4.58
5.37
5.3
5.15
4.85
4.85
4.78
4.99
4.16
5.28
4.99
5.15
4.65
4.66
6.29
5.21
7.24
5.96
6.8
6.0
6.15
4.59
6.86
5.72
5.44
6.07
4.35
3.9
4.44
5.69
5.34
5.89
3.82
2.42
2.84
3.53
3.96
4.0
5.05
5.43
6.49
6.62
6.34
5.38
4.67
5.2
4.28
5.44
5.72
5.47
6.39
6.43
5.77
6.21
5.75
5.7
4.67
5.57
4.95
4.68
3.79
5.22
4.21
3.92
4.56
4.32
4.06
4.32
4.8
5.46
6.32
5.93
5.67
5.25
6.16
5.58
6.25
3.76
5.71
4.48
3.82
5.55
3.93
5.94
6.14
4.95
5.89
5.12
5.7
5.28
4.83
5.74
5.63
5.41
5.59
3.57
4.18
4.94
4.4
4.69
4.77
5.47
4.87
4.73
4.89
4.89
5.71
4.44
5.7
3.9
4.48
5.78
5.24
4.11
4.9
4.22
4.01
5.15
4.29
4.01
3.75
4.43
3.54
4.44
4.46
3.87
3.7
4.02
4.35
4.72
4.76
4.86
4.48
5.2
5.02
4.7
5.07
4.37
4.12
5.59
4.48
4.42
3.37
5.59
3.45
5.64
3.55
3.83
3.85
3.22
4.2
4.28
5.32
4.53
3.61
3.07
1.59
4.31
3.26
2.83
2.9
3.57
2.71
3.77
4.72
3.89
4.5
4.16
4.56
4.17
5.23
4.9
5.6
4.81
4.68
5.5
5.52
5.54
4.74
5.81
4.77
4.96
4.37
5.39
5.78
6.09
5.71
4.82
4.14
4.78
4.8
4.32
5.25
4.99
4.57
4.63
4.05
4.54
4.9
3.68
4.52
4.44
4.07
3.83
4.2
4.27
3.57
3.88
4.68
5.12
5.07
3.29
3.73
5.63
4.2
1.41
2.56
3.76
3.51
2.09
3.82
3.59
5.24
5.26
5.0
5.24
4.7
5.29
5.23
5.19
5.46
5.28
5.62
5.82
5.19
4.44
5.24
5.57
5.47
5.71
5.94
5.07
5.34
5.43
4.89
4.97
6.33
6.72
7.14
6.68
7.26
5.81
3.94
5.06
5.38
6.04
6.13
6.02
6.13
5.64
5.57
5.21
4.12
8.29
5.32
4.31
5.73
5.12
4.84
5.31
5.92
4.26
4.74
4.48
4.16
5.23
4.14
5.56
5.06
5.08
5.6
5.46
5.21
4.26
4.8
5.22
4.8
4.7
4.61
5.25
5.23
4.87
5.31
5.36
4.95
4.65
4.9
4.71
5.13
6.3
5.1
6.11
4.54
5.2
5.09
4.16
5.07
5.23
4.42
3.91
4.84
4.43
5.22
3.66
4.27
4.66
4.38
3.75
4.5
5.59
5.9
5.69
4.81
5.45
5.85
5.16
5.0
5.89
4.97
6.02
4.84
6.56
5.55
6.48
6.11
7.1
6.28
5.59
5.42
5.13
4.85
5.53
5.63
5.03
4.59
4.3
5.38
5.47
4.05
4.45
5.46
3.98
5.77
5.26
4.47
4.96
4.78
7.45
5.55
6.87
4.31
6.24
6.19
5.77
5.85
6.16
5.38
4.87
5.9
4.14
5.48
6.23
5.0
6.66
7.31
6.33
6.56
0
0
6.94
2.53
6.21
5.99
6.65
5.87
7.0
3.67
6.13
3.88
6.49
7.51
7.99
7.99
7.48
8.08
7.34
8.08
6.94
6.19
4.87
5.35
6.27
5.1
5.19
4.77
6.34
5.9
5.64
5.48
6.71
6.54
5.82
6.21
5.98
6.53
5.49
6.17
6.28
5.84
5.55
5.19
5.87
8.52
7.5
6.46
5.98
7.31
7.4
6.92
