2.16
6.68
9.67
11.6
13.6
11.1
14.0
14.5
14.8
13.1
9.15
14.0
7.59
9.58
10.7
12.2
9.04
9.81
12.1
11.2
12.6
11.8
6.03
16.4
13.1
9.8
10.5
6.89
5.03
7.46
5.51
5.24
2.48
6.12
7.4
8.32
6.02
9.21
9.68
7.66
8.76
9.59
9.72
9.85
12.3
13.2
14.0
10.0
13.0
8.85
11.1
11.1
8.84
12.7
11.3
11.5
14.3
10.5
11.7
12.2
7.36
9.08
7.26
5.88
6.24
6.73
0.25
5.07
7.38
7.35
6.53
6.6
5.25
5.76
4.15
1.67
7.53
4.9
4.8
5.94
5.51
5.32
5.39
5.38
5.16
4.04
3.05
3.68
4.66
5.64
5.32
5.85
5.32
5.59
5.84
5.5
3.77
3.93
5.01
5.04
6.14
6.67
6.11
5.17
4.77
5.68
4.09
5.47
5.19
6.74
5.44
5.66
6.43
6.25
6.2
5.24
3.09
5.92
7.04
5.09
3.26
3.01
3.4
2.68
3.69
2.9
3.0
4.56
3.72
3.37
4.15
4.03
4.26
4.0
4.58
4.34
4.58
5.33
5.48
4.24
5.04
2.98
4.79
5.55
5.2
5.28
6.03
5.37
4.73
5.37
5.44
5.35
7.17
7.07
7.45
7.43
4.39
6.06
7.33
8.13
8.65
5.95
9.47
8.54
7.68
9.1
9.26
7.96
9.78
5.09
6.87
3.68
6.68
6.09
7.57
6.99
6.08
8.37
8.6
7.51
7.22
8.54
10.0
9.53
8.95
9.51
9.13
6.82
9.8
7.8
8.91
8.35
8.21
7.76
9.88
8.15
9.66
7.82
8.43
8.87
6.48
6.19
6.22
6.5
6.59
5.74
6.12
6.13
8.03
7.54
8.49
6.95
4.77
8.07
7.77
6.83
7.7
8.35
6.52
9.05
8.36
7.52
7.85
8.02
5.67
10.2
8.76
8.26
8.45
8.7
7.17
7.14
6.67
8.09
8.32
6.93
8.12
7.76
5.43
6.76
3.99
3.43
4.53
4.83
5.06
4.17
6.21
4.67
6.29
3.63
4.86
5.77
6.48
7.11
6.55
7.31
4.52
7.2
5.57
6.41
6.5
6.77
6.37
5.88
6.56
7.11
8.65
8.46
7.43
13.6
10.4
14.4
13.8
14.8
14.3
13.2
14.6
7.47
12.2
19.1
14.9
14.2
14.6
14.4
12.7
15.5
14.1
14.3
13.3
15.8
14.2
13.8
14.1
14.2
13.8
13.9
15.3
14.9
14.9
14.5
14.8
14.4
10.9
0.02
0
0
0
0
0
0
0
1.87
0
0
0
0
0
0
0
0
23.4
10.3
7.37
3.22
7.01
9.19
11.4
10.9
10.8
11.3
9.47
10.6
10.8
13.4
9.49
6.8
11.2
9.74
10.7
9.87
7.13
9.32
4.53
8.71
5.37
6.13
7.39
5.36
7.26
8.65
8.76
9.69
9.48
9.73
10.3
10.8
9.61
11.2
6.84
7.76
1.62
6.8
7.53
7.99
8.62
9.38
9.97
8.28
10.2
11.2
13.2
12.2
11.7
0.11
9.56
6.37
5.87
7.86
5.48
8.88
11.7
11.2
13.6
15.4
12.5
8.88
9.99
9.22
8.71
10.6
13.5
11.2
11.4
12.5
13.9
12.7
12.0
13.6
15.4
14.2
13.2
15.7
12.5
13.9
11.7
12.3
11.3
13.9
12.3
15.5
13.7
14.3
14.4
14.8
13.8
13.5
13.0
13.1
15.6
14.4
13.5
7.7
19.6
13.5
16.6
15.0
14.1
15.3
15.3
14.4
15.5
15.7
15.5
14.7
15.3
15.6
15.3
15.4
14.4
13.8
11.1
15.5
13.2
14.5
14.0
13.3
16.0
13.5
15.0
11.9
14.2
12.3
13.7
13.8
8.46
12.3
11.5
11.9
11.2
13.4
13.4
14.2
6.3
2.21
14.7
10.1
8.3
12.9
14.4
11.9
10.5
11.7
11.5
11.1
10.8
9.79
8.96
5.56
8.23
6.58
6.69
3.98
8.14
7.38
6.5
9.17
11.2
9.74
6.75
6.09
6.94
6.95
6.87
7.16
15.1
14.6
13.6
12.2
8.37
5.24
15.8
14.7
14.5
14.2
13.5
15.3
14.2
15.1
13.6
4.82
19.2
13.7
14.7
15.1
14.2
15.9
15.3
14.8
14.1
14.9
15.8
15.9
15.2
15.9
14.0
14.1
15.5
13.2
9.93
10.7
13.0
14.8
13.1
14.8
14.9
14.8
15.4
10.6
18.5
14.2
14.7
14.8
14.7
13.9
14.7
14.2
15.6
14.8
14.0
14.8
15.7
15.5
14.5
14.7
14.8
3.75
21.0
14.8
16.1
15.5
14.6
16.2
15.8
15.4
12.5
3.81
8.48
2.93
6.53
6.47
5.42
5.02
3.9
5.6
3.56
3.44
3.94
3.21
2.69
3.94
3.9
4.12
5.38
4.47
4.08
5.15
4.91
7.09
7.71
9.12
9.37
4.1
2.11
13.9
3.86
0.41
16.3
5.23
0.78
0
15.5
4.66
4.21
5.32
4.53
4.71
5.29
5.44
5.19
4.96
4.27
8.69
7.51
1.7
0
12.2
3.83
3.75
3.86
5.13
2.82
7.19
12.1
14.0
13.4
14.3
15.1
9.01
11.3
9.6
12.6
11.8
11.7
8.77
9.42
9.59
6.4
4.67
6.65
6.62
9.03
6.94
9.12
6.45
7.82
7.73
8.3
4.53
0
0
0.01
18.9
1.23
2.06
1.73
1.35
1.64
0.92
0.1
4.39
1.92
1.88
2.27
0
3.05
4.92
4.61
4.92
4.98
5.19
9.09
7.97
8.44
7.59
4.23
5.59
4.47
4.53
4.96
2.33
4.69
1.27
2.27
3.6
4.33
3.96
4.89
4.71
4.99
3.99
4.98
5.75
5.56
5.59
5.8
5.3
6.66
6.15
6.49
6.26
5.95
5.48
5.2
6.32
6.07
5.52
5.59
5.23
8.02
9.33
9.39
8.8
8.62
8.57
8.39
7.41
4.84
8.08
5.96
6.69
7.78
7.2
7.72
7.2
7.75
9.99
9.04
9.37
7.52
8.24
7.39
7.18
9.64
9.42
9.81
10.1
10.4
9.89
10.6
10.4
9.94
9.94
9.9
8.91
8.81
3.38
2.06
6.77
5.73
5.39
6.89
6.94
7.17
9.13
5.41
2.02
2.48
4.12
8.48
10.4
10.2
7.86
8.8
7.09
5.48
1.08
7.38
3.23
8.62
5.59
6.22
6.33
4.78
4.94
6.29
5.58
6.11
7.33
6.11
4.2
5.07
5.24
8.28
6.24
5.54
8.95
6.42
7.1
1.54
1.97
7.71
3.43
3.01
3.57
5.22
5.07
5.69
5.82
6.62
5.32
6.34
7.08
7.54
8.36
7.39
7.19
7.64
6.22
7.51
6.94
7.31
7.21
7.42
7.83
4.79
6.55
5.39
5.88
6.22
5.64
6.17
5.48
7.46
7.93
6.77
7.37
5.62
6.66
4.79
4.48
6.35
5.44
5.55
5.84
7.07
7.09
5.56
3.36
6.15
5.3
7.41
6.33
5.41
5.9
5.77
6.41
5.72
7.16
5.85
5.9
5.85
6.09
6.0
6.06
6.36
5.58
4.07
4.59
5.42
5.48
4.94
4.85
4.45
2.37
6.25
4.68
5.3
2.6
6.75
5.12
4.52
2.92
6.28
4.01
4.38
4.29
4.31
5.03
4.77
5.03
5.43
5.15
2.59
4.29
1.04
4.72
3.65
4.17
4.78
5.08
5.78
5.75
3.39
5.69
5.57
5.3
5.21
3.11
5.0
3.27
2.47
3.85
4.73
5.58
3.9
4.9
4.59
5.2
6.32
5.97
6.27
6.0
7.76
6.12
5.63
1.65
4.37
3.95
5.56
4.77
6.99
6.48
5.77
8.46
7.98
5.39
6.17
7.2
7.79
8.48
8.25
7.3
6.69
6.55
10.6
10.9
9.63
9.65
9.89
8.62
9.65
6.77
4.73
7.02
5.54
4.45
9.76
9.06
9.59
12.2
10.7
7.89
8.1
9.2
8.71
5.35
6.07
9.41
9.98
9.11
11.2
9.21
11.1
10.2
12.1
2.25
7.03
10.5
12.5
11.4
11.9
11.8
11.6
11.4
10.4
8.83
7.82
10.7
10.6
12.1
12.0
11.9
12.0
12.1
11.8
13.4
9.47
9.0
12.5
12.6
11.6
13.2
12.9
13.0
12.9
13.1
13.0
12.4
12.1
11.8
12.2
12.5
11.3
11.7
11.4
9.4
9.54
12.8
11.4
12.8
11.9
14.0
13.6
13.8
13.9
10.2
16.6
13.2
12.4
13.7
14.9
12.3
14.4
13.7
13.3
13.7
13.0
13.7
13.7
13.3
12.4
14.7
13.6
12.8
13.2
14.2
12.8
13.7
12.3
12.0
14.2
13.6
12.5
14.3
12.4
11.0
10.2
6.07
9.27
0.23
8.54
4.46
5.27
4.66
0.54
4.94
2.32
2.29
1.85
1.72
2.53
3.76
4.83
4.16
5.48
5.24
7.51
6.46
8.17
9.99
8.1
6.65
9.45
12.1
12.8
14.8
12.5
14.3
14.3
12.9
12.8
13.4
14.6
13.9
10.4
9.0
3.07
5.35
6.53
10.9
11.9
12.6
12.9
10.9
12.7
12.8
12.8
10.3
14.8
11.9
12.1
10.7
11.4
13.2
12.7
12.7
13.5
12.5
11.2
12.4
11.3
11.2
12.3
11.4
11.1
11.6
7.09
16.4
12.3
14.4
15.8
15.4
15.5
14.9
14.8
12.8
14.7
14.9
13.5
15.6
14.5
15.0
15.6
15.4
9.64
18.0
14.7
14.7
14.9
14.8
14.6
14.3
11.6
10.1
13.8
12.8
11.6
13.4
15.5
12.6
11.5
9.08
14.4
13.7
13.1
14.1
13.5
11.4
11.4
11.4
10.8
13.3
9.16
10.7
9.33
12.5
8.52
12.5
13.7
12.4
13.4
13.1
12.2
13.2
12.3
13.5
12.2
11.8
14.6
12.2
14.4
12.4
12.1
12.2
10.7
12.3
9.78
14.0
15.5
14.3
15.3
15.0
16.3
15.2
15.2
16.4
15.7
15.5
15.7
15.4
15.5
15.7
15.1
15.2
15.9
14.6
8.55
18.3
14.8
15.4
16.0
12.0
14.4
14.6
15.8
15.5
15.7
15.3
15.4
15.7
14.4
14.5
17.0
15.5
15.1
16.2
14.7
16.6
15.8
13.5
6.85
20.9
15.7
15.7
9.27
19.2
15.3
15.4
14.3
16.3
15.3
13.7
15.9
14.4
16.0
15.6
15.1
14.7
15.9
15.2
14.9
15.3
14.8
15.7
15.5
15.1
15.5
15.7
15.3
4.3
18.7
5.09
23.4
15.4
15.4
13.5
17.2
15.2
15.3
14.6
15.2
14.7
14.7
14.6
16.1
15.7
15.3
15.9
3.57
20.7
14.4
15.7
16.5
14.2
2.55
20.8
14.5
16.6
15.1
15.7
14.5
14.7
13.3
16.6
15.6
15.0
15.5
15.4
14.4
13.1
9.39
20.4
16.1
15.2
15.3
14.7
15.0
13.3
16.1
15.8
15.7
14.7
16.0
15.4
14.6
16.1
15.3
10.1
17.3
14.0
15.4
15.7
14.4
15.7
9.38
14.7
16.5
14.8
17.1
15.2
16.1
13.9
16.2
15.8
16.6
15.3
15.7
14.1
16.1
14.2
16.0
15.5
15.3
6.68
15.3
17.7
15.4
9.42
18.6
14.9
16.3
15.1
16.2
15.4
15.5
15.0
15.2
14.2
15.6
16.3
15.1
14.4
16.2
14.6
13.6
4.96
19.9
9.26
0.04
16.2
7.22
7.67
6.37
7.64
5.74
9.51
11.7
11.0
9.04
12.1
10.9
10.6
11.2
10.5
12.3
11.4
12.0
11.1
11.0
12.2
9.46
10.9
11.0
11.6
11.5
11.5
10.1
9.54
13.5
12.3
13.0
10.3
12.7
14.1
11.6
12.1
12.5
12.9
11.4
10.4
10.6
11.0
11.6
14.4
12.0
12.2
7.02
11.1
10.2
6.58
11.9
12.4
13.8
12.0
10.7
8.69
11.2
12.0
10.5
11.0
10.8
11.8
12.8
14.0
9.8
9.62
9.38
14.8
10.7
9.39
12.0
10.0
11.1
10.7
10.7
9.66
7.89
7.83
6.8
2.9
3.09
0.53
3.38
5.34
4.94
3.2
3.69
9.47
9.13
9.75
9.64
9.47
6.11
12.2
11.7
9.78
9.0
9.23
9.46
6.86
8.12
7.69
4.97
0.22
0.36
0
0
0
0
0
0.03
4.31
0.17
2.72
2.47
2.35
3.05
3.03
3.11
3.13
2.96
2.25
2.95
2.51
2.76
2.47
1.95
1.13
2.12
1.53
2.25
1.72
2.29
1.86
2.78
2.27
2.94
2.66
2.73
2.08
2.03
1.06
2.06
1.93
0.84
2.64
0.79
2.18
4.03
3.1
3.81
3.27
3.01
3.38
4.86
3.48
3.86
3.46
4.11
4.48
3.82
9.34
10.5
9.0
7.9
10.2
11.0
13.4
10.7
12.4
12.4
13.1
13.0
13.4
13.3
13.4
11.9
15.1
14.1
12.8
11.7
13.8
8.48
16.7
12.7
11.9
14.3
13.4
12.1
13.1
13.3
13.1
13.1
14.2
14.2
12.6
15.2
13.9
13.9
5.44
17.8
15.1
13.0
13.6
14.5
14.1
13.8
13.7
14.7
14.4
12.7
14.4
12.7
13.7
12.8
11.3
16.1
14.3
13.6
14.9
13.9
14.4
14.3
13.3
14.6
12.9
12.0
11.4
10.2
8.49
7.82
18.1
12.5
13.3
15.1
13.1
14.5
11.7
16.9
14.7
14.3
13.9
13.9
14.1
14.3
13.9
13.8
14.2
6.89
13.6
14.9
12.5
13.1
14.3
14.5
13.9
14.1
13.3
14.9
13.3
15.0
13.4
14.6
14.0
14.4
12.7
13.3
14.7
13.8
14.9
13.3
13.6
15.7
14.0
14.0
14.4
14.0
13.8
14.6
14.1
11.3
6.21
18.2
6.98
7.38
8.17
4.09
0.88
5.2
3.7
3.2
2.57
3.15
4.3
4.84
5.42
6.17
7.12
8.22
8.93
7.8
7.61
9.87
9.32
9.09
10.6
7.77
14.1
9.41
10.6
9.64
10.6
13.7
12.5
11.4
10.1
9.68
11.4
12.8
14.0
12.9
14.4
13.1
14.0
12.9
13.0
13.2
14.9
14.0
14.5
10.5
17.0
15.2
14.1
14.4
14.1
14.3
15.1
13.6
14.7
14.3
13.1
12.0
14.2
13.7
14.3
13.8
13.8
12.3
8.7
3.16
16.1
5.79
6.3
5.76
6.67
10.4
8.61
13.8
11.8
13.9
11.3
13.3
14.2
13.2
14.0
14.3
15.0
14.5
13.9
13.6
13.2
14.9
14.2
14.2
14.2
14.2
13.6
13.9
12.0
7.37
18.9
14.0
12.9
13.7
14.0
14.1
14.0
14.1
14.1
14.1
13.0
13.7
14.1
14.2
14.0
14.1
14.2
5.48
18.7
14.2
14.4
14.1
14.7
14.6
14.3
13.7
14.0
14.2
14.4
14.5
13.7
13.3
12.9
13.3
12.6
7.11
19.5
14.1
14.8
14.4
13.6
6.54
18.4
11.9
14.9
14.3
13.9
15.2
14.5
14.4
15.1
14.7
14.6
13.7
15.5
13.7
15.0
14.3
14.7
13.7
14.9
9.07
8.28
19.6
12.4
9.27
8.48
13.0
14.4
14.7
12.5
6.54
10.1
9.19
12.7
10.2
13.5
16.2
12.7
15.3
14.6
13.8
14.7
11.0
17.0
11.4
11.3
12.6
11.4
10.0
10.2
10.0
9.59
8.49
10.5
10.6
8.05
8.5
6.85
6.78
6.6
6.4
6.92
8.08
7.55
5.95
5.48
5.72
5.48
7.0
4.9
2.6
3.27
6.29
3.74
4.16
3.49
5.55
7.0
3.22
6.77
5.33
8.56
6.88
8.6
8.29
7.34
0
11.7
10.3
5.52
0.25
2.94
0
20.3
4.16
5.55
5.37
6.71
6.79
5.17
6.79
5.89
5.23
5.77
6.81
8.31
7.85
4.89
7.81
9.41
11.7
8.35
12.6
9.45
14.3
15.3
14.5
15.3
14.1
5.12
10.9
9.65
10.5
6.17
9.35
3.32
5.67
3.64
5.33
7.31
8.07
5.35
7.31
7.84
4.39
6.76
5.55
8.08
8.46
7.32
8.49
5.56
6.67
6.85
9.32
7.91
6.88
7.48
8.41
6.35
8.12
9.72
13.0
10.4
6.31
7.44
12.1
0.04
11.8
1.78
8.39
6.33
5.74
5.38
5.84
6.74
7.79
6.81
8.76
8.43
6.03
9.22
8.35
10.0
0
8.36
4.03
8.66
4.35
7.76
8.81
9.14
9.97
6.79
5.42
1.49
3.76
10.1
8.76
7.46
5.91
5.19
3.99
4.16
4.47
8.21
8.39
7.82
7.86
8.44
10.2
7.5
6.34
9.63
9.58
10.3
10.0
11.9
12.8
13.5
11.0
4.99
18.7
4.19
8.65
10.7
8.91
11.2
10.6
3.91
0
0
0.01
0.11
6.11
0
0
2.46
6.42
0
0
0
0
0
0
0
0
0
0
6.16
3.6
1.51
0.29
0
0.7
0.47
0.11
0
0
0.58
4.39
3.56
4.15
4.48
4.85
6.46
4.92
2.26
0.15
0.88
1.66
1.06
1.0
0.96
1.04
1.05
1.05
1.17
1.02
0.64
1.29
0.91
0.95
1.09
1.27
1.27
1.28
0.94
0.9
1.18
0.7
1.2
1.02
0.79
1.13
0.87
1.02
1.04
0.93
1.04
1.13
1.1
1.0
1.21
1.06
1.28
0.75
0.89
0.71
0.77
0.73
0.78
0.94
0.88
0.76
0.71
0.69
0.9
0.87
0.99
1.1
0.81
0.76
0.91
0.88
0.82
0.93
0.42
0.52
0.36
1.84
4.4
5.92
6.48
5.96
5.89
5.49
4.9
5.0
6.64
4.86
6.28
8.16
8.6
6.1
0
11.9
10.1
2.15
8.83
2.45
0.01
12.8
5.92
9.42
8.06
0.75
10.3
5.29
6.1
5.91
6.47
6.12
8.56
8.61
7.36
8.36
9.15
9.32
10.5
9.73
9.36
9.63
9.43
9.97
9.48
9.88
10.1
9.28
8.04
7.85
5.43
6.41
7.82
6.47
7.05
6.31
6.56
5.5
5.48
5.73
8.18
8.74
8.46
8.94
8.78
8.98
9.45
8.76
8.82
8.15
9.08
9.43
9.56
9.53
9.92
10.6
10.4
8.12
9.21
10.1
9.75
1.62
4.02
3.68
5.04
6.08
4.24
7.51
3.08
2.77
7.0
8.4
8.64
7.83
8.91
9.15
8.42
8.15
8.29
8.52
9.48
8.76
8.77
5.01
7.07
7.44
7.31
8.11
8.12
8.64
8.12
8.14
8.77
6.42
8.45
7.44
5.22
10.6
8.83
8.17
9.0
8.74
7.52
7.56
7.78
7.57
6.9
6.76
8.43
7.26
7.28
9.21
8.33
7.62
9.67
12.4
14.2
12.1
12.7
14.6
13.0
12.9
13.2
14.1
13.7
13.9
14.1
13.3
15.5
13.5
12.5
14.7
13.9
14.4
14.2
14.7
14.5
13.7
15.2
14.2
14.9
11.6
15.5
12.7
14.8
14.6
13.5
15.4
14.6
14.2
14.6
14.7
14.9
13.5
13.8
14.7
14.3
13.9
15.0
14.7
14.7
14.6
14.5
14.5
13.4
14.4
15.2
14.2
14.0
15.3
14.6
11.8
8.08
18.9
14.0
14.2
14.4
14.3
14.5
14.8
14.3
14.5
7.53
12.9
16.5
14.4
13.4
14.6
13.3
15.6
14.4
13.4
14.4
13.9
13.4
15.8
8.66
19.1
14.9
14.9
14.8
14.7
14.0
14.7
15.0
14.6
15.2
