1.87
4.4
8.26
7.68
7.1
5.45
4.56
3.52
2.08
3.49
3.07
2.53
4.7
5.51
2.31
2.57
1.58
2.31
1.26
1.73
1.88
1.66
2.3
1.75
1.49
0.73
0
0.07
1.56
2.01
2.04
3.18
4.18
3.31
2.99
2.45
2.35
3.66
2.65
1.92
2.24
2.08
3.51
3.67
4.25
3.76
3.55
3.51
3.4
3.41
3.52
1.82
1.73
1.84
2.83
2.52
2.71
2.88
2.75
2.45
1.23
1.15
1.65
2.26
1.67
1.74
1.62
2.23
2.1
1.71
3.0
3.14
2.18
2.56
2.4
2.19
2.73
2.17
1.65
0.89
1.3
2.19
1.54
3.23
2.96
3.67
1.29
3.34
3.3
3.34
5.21
4.03
2.5
4.52
5.83
6.66
5.71
3.16
3.93
3.94
4.26
5.71
4.68
5.87
3.49
1.75
2.27
1.87
1.78
1.29
1.0
1.06
0.83
0.94
1.04
1.84
1.62
2.01
2.2
1.85
2.45
2.16
1.46
1.33
2.31
2.23
2.92
2.87
2.85
2.75
1.29
2.06
2.2
1.39
1.39
1.4
2.7
2.58
4.71
3.37
3.01
2.84
1.34
1.52
1.28
2.6
1.19
0
1.18
2.05
2.19
3.09
3.24
2.35
2.36
2.81
2.34
2.92
2.11
3.52
4.18
3.68
4.34
5.19
3.41
4.35
3.2
3.66
2.1
2.97
1.45
0.3
1.54
1.75
1.0
2.04
2.73
2.29
1.39
1.7
3.21
2.47
3.34
2.23
3.12
3.9
4.82
4.54
3.05
2.6
2.6
3.42
2.95
2.99
2.19
2.81
2.29
2.36
2.95
3.78
2.62
3.87
4.25
3.53
3.57
3.03
3.81
1.99
3.01
3.28
2.78
2.27
1.36
1.71
1.29
1.53
1.72
2.44
3.53
3.94
2.05
2.76
1.44
2.0
1.97
1.71
1.78
2.04
2.4
2.38
1.67
1.6
1.71
2.43
2.27
1.95
2.03
2.73
2.75
2.09
1.17
2.6
3.49
2.51
2.73
1.92
2.11
2.12
3.42
2.34
1.99
3.99
3.17
3.26
2.95
2.47
2.61
3.0
2.56
4.61
2.69
2.01
2.17
1.73
2.56
2.11
2.66
2.71
2.83
2.36
2.13
0.61
0.7
1.08
0.48
1.84
0.95
0.27
0.03
0
1.21
2.12
2.04
2.46
2.31
2.68
1.94
1.77
0.42
0
0
0.54
1.41
1.12
0.47
1.54
1.6
0.1
0
0.5
0.02
0.58
0.35
0.97
0.92
1.35
0.88
0.78
0.97
0.44
0.46
0.43
0.64
0.58
0.61
0.74
0.16
0
0.68
0.43
0.13
0.7
0.67
0.6
0.84
0.24
0.84
0.65
0.57
0.6
0.51
0.58
0.83
0.74
1.16
2.29
2.27
2.23
3.02
3.11
3.25
3.26
4.26
3.68
3.51
2.87
2.35
1.9
1.46
1.45
1.97
2.37
1.68
2.43
3.44
4.01
3.1
3.25
3.03
2.43
2.21
2.3
1.91
2.47
2.17
3.44
4.07
3.18
3.94
3.55
3.12
3.17
2.33
1.97
1.6
1.54
1.28
1.64
2.16
2.37
2.31
2.58
1.81
5.34
5.45
5.97
5.49
3.8
2.88
3.14
2.17
2.49
2.49
3.67
2.87
2.38
2.6
3.03
3.34
3.53
2.73
2.66
2.23
2.23
2.14
2.36
2.45
0.9
2.11
1.39
1.75
2.25
2.84
2.79
4.26
3.07
4.2
2.94
3.35
3.93
5.16
2.76
2.47
1.73
3.03
3.66
3.03
3.39
4.17
2.75
3.76
4.0
3.38
3.83
4.66
2.53
1.86
1.69
1.19
1.36
1.88
2.34
2.95
3.08
4.48
3.92
3.23
3.44
3.73
2.71
1.73
1.82
1.71
2.66
2.55
2.76
2.38
3.27
3.6
3.86
4.57
3.75
2.01
2.69
2.23
1.93
2.6
2.13
2.24
1.83
0.96
0.99
0.55
1.6
2.08
2.25
3.36
4.07
3.12
3.99
4.18
4.53
4.39
1.53
1.7
2.68
2.75
2.47
2.6
3.16
2.79
2.64
2.51
2.34
2.39
2.74
1.65
2.84
4.35
3.08
1.54
2.46
3.62
2.98
2.27
1.75
2.04
2.49
3.42
4.66
3.25
4.38
4.13
4.37
3.88
3.34
3.0
2.95
3.0
3.33
2.35
2.05
1.68
2.24
2.6
2.74
3.05
3.89
2.56
1.71
2.03
2.43
1.62
1.28
2.77
2.3
2.14
3.16
3.03
1.88
2.83
2.42
2.3
2.08
3.78
4.35
3.76
2.56
2.62
2.23
3.1
2.06
2.11
1.94
2.36
1.95
3.03
3.14
2.51
2.47
2.21
2.66
3.33
3.63
3.86
3.51
2.25
1.86
1.9
2.31
3.0
2.43
3.25
4.37
4.25
5.06
4.2
2.62
1.57
1.19
2.08
2.92
3.85
3.24
4.2
3.55
3.16
3.75
4.78
5.59
6.85
6.48
4.19
3.94
3.47
3.49
3.81
4.62
3.49
2.48
2.84
2.38
1.99
3.02
2.39
1.86
3.29
3.6
3.25
2.35
2.72
2.38
2.19
2.44
1.96
3.03
3.5
2.61
1.86
2.21
2.37
3.05
3.31
3.91
3.14
2.49
2.44
2.29
1.8
1.21
1.91
2.12
2.09
2.46
2.08
1.91
3.23
3.68
2.37
3.37
3.57
2.53
2.46
1.53
1.96
1.82
2.17
1.35
0.13
1.59
2.16
2.94
4.86
4.77
5.24
3.16
2.84
3.12
2.88
2.27
2.2
2.39
2.34
2.29
2.95
2.94
3.14
3.35
2.85
2.08
2.37
3.38
3.15
1.93
2.3
3.44
2.9
2.43
2.37
2.52
2.21
1.99
2.19
1.78
1.95
2.28
2.75
2.99
2.18
3.09
3.1
2.45
2.69
2.58
0
1.39
3.4
3.1
3.53
2.43
2.33
3.56
3.88
3.75
5.16
4.93
5.2
4.11
2.64
1.82
2.16
1.04
1.85
1.8
2.0
2.82
3.75
4.57
3.02
2.71
3.16
1.77
3.04
3.67
3.68
5.26
5.39
1.96
3.08
4.67
2.65
3.9
3.81
3.78
2.78
1.18
4.9
5.71
5.02
5.85
4.32
3.17
2.5
3.51
4.53
5.35
2.86
3.1
3.36
3.62
3.36
4.15
3.02
4.63
5.1
3.04
2.81
2.55
2.65
3.15
3.41
2.94
4.19
4.41
3.35
3.81
5.18
4.76
4.12
4.43
4.31
5.44
4.4
3.55
3.11
4.47
3.73
3.55
5.42
6.02
5.84
5.39
5.23
4.98
2.62
2.69
2.79
3.21
2.34
2.36
2.84
2.73
3.64
3.5
3.35
3.74
3.35
3.05
2.95
3.68
3.07
2.87
3.44
3.28
2.72
2.43
2.92
2.55
2.5
3.98
4.08
3.74
3.4
3.14
3.59
4.22
4.17
3.09
3.17
3.49
4.18
4.56
4.74
4.02
2.83
2.84
3.55
4.06
2.81
3.8
2.42
2.71
2.29
1.8
1.55
1.69
1.47
2.92
3.38
2.77
3.53
3.21
3.64
3.95
3.13
2.43
4.66
3.81
5.92
3.38
3.66
4.34
4.14
3.31
3.64
2.71
3.21
3.86
3.75
3.05
2.69
2.17
2.14
2.32
2.05
4.09
4.21
4.2
5.03
4.53
5.09
3.68
3.15
2.59
3.77
2.9
3.38
3.01
3.62
3.27
3.23
3.68
2.98
4.6
3.64
1.64
1.85
1.78
1.95
2.69
3.05
4.38
4.31
2.58
2.97
3.03
2.97
3.7
3.56
3.65
3.7
2.19
1.73
2.04
1.82
2.1
2.95
3.23
3.6
3.63
3.07
3.03
3.29
3.49
4.03
1.82
1.69
2.13
2.61
2.12
2.6
2.27
3.16
2.82
2.88
2.89
3.76
2.32
2.23
2.12
2.79
3.7
2.81
3.02
3.51
3.31
3.83
3.05
2.37
2.22
2.14
2.09
1.51
1.16
1.22
1.62
2.53
2.77
2.45
3.21
2.84
1.36
1.84
1.73
3.03
2.95
3.12
2.52
3.52
3.62
3.68
3.82
3.13
1.67
2.95
3.36
3.16
2.29
2.39
2.31
1.79
1.62
1.93
1.93
1.71
1.96
3.07
3.46
3.35
2.82
2.95
2.2
2.07
2.43
3.13
3.02
2.19
1.71
2.85
2.83
3.42
3.64
3.03
1.65
2.45
3.03
3.42
2.64
3.21
3.01
2.62
3.21
3.42
2.32
3.08
2.71
2.96
2.26
2.32
2.53
2.61
1.23
2.62
3.5
3.18
2.36
3.34
3.85
4.25
4.6
4.27
4.58
3.34
3.24
4.29
3.51
2.72
2.22
3.27
2.76
2.7
2.53
3.25
3.6
4.09
2.48
3.16
3.46
4.42
2.04
2.12
1.39
2.36
2.73
2.58
1.79
2.0
2.62
3.55
3.7
3.33
2.46
2.25
2.29
2.23
2.44
2.12
2.56
3.05
2.77
2.89
3.54
3.2
3.22
3.85
2.7
1.8
1.27
1.42
1.93
1.69
1.71
1.19
1.52
2.04
1.3
1.13
1.34
1.6
1.82
2.19
1.94
0.75
2.21
2.07
2.09
2.27
1.8
1.27
1.05
1.36
1.14
2.0
2.25
2.53
2.56
1.08
1.93
3.18
2.23
2.6
1.56
1.78
2.3
1.82
1.95
1.43
2.49
1.95
2.34
1.88
1.91
2.95
2.4
2.14
1.41
1.56
1.45
2.36
2.91
2.5
2.53
3.12
1.71
2.23
1.66
2.87
4.05
2.26
2.2
2.36
3.03
3.36
2.64
3.52
2.37
2.71
2.32
1.29
0.99
1.45
2.06
2.4
1.28
1.02
1.32
2.17
0.78
2.49
3.18
3.0
2.57
2.51
1.77
3.17
2.74
2.55
1.86
1.71
1.29
2.1
1.85
2.21
2.52
1.4
1.32
1.23
1.25
0.41
0.79
1.87
1.87
1.74
1.14
1.46
1.94
1.86
1.25
1.2
1.0
1.17
1.69
1.52
1.81
2.11
1.7
1.78
2.17
2.1
2.03
1.52
1.96
1.72
1.61
1.15
2.74
1.91
1.57
1.35
1.03
0.65
0.97
0.99
0.28
0.2
1.22
0.21
0
0.4
0.16
0
0.6
1.23
1.16
1.06
1.29
1.43
1.45
1.14
1.05
0.95
1.55
1.64
1.52
1.48
1.52
1.8
2.03
1.4
1.38
1.42
1.48
1.59
1.71
2.36
1.71
2.35
2.29
1.94
1.67
1.42
1.25
0.88
1.09
1.18
1.06
1.05
0.94
1.23
1.27
1.18
1.46
1.22
1.88
1.49
2.52
2.46
1.72
2.56
1.66
1.8
2.21
1.95
2.27
3.08
2.6
3.72
4.0
2.08
2.23
3.18
2.79
3.24
2.65
2.84
2.09
1.14
2.28
1.55
2.21
2.22
2.25
2.49
2.6
2.69
2.81
2.44
1.67
1.39
1.17
1.72
2.09
2.92
1.97
2.34
2.97
2.68
3.83
2.48
2.33
1.66
2.95
1.97
2.87
2.66
2.34
3.14
4.32
3.09
2.47
2.39
2.04
2.14
2.43
2.45
3.48
3.0
2.25
2.92
3.43
3.49
4.25
3.11
3.96
3.88
2.86
0.94
0.55
1.7
2.84
2.57
2.77
3.64
2.23
2.94
2.2
2.34
3.24
2.74
2.17
2.27
2.25
1.95
2.53
2.21
2.19
3.29
3.47
3.42
3.61
2.7
2.44
2.13
1.62
1.54
1.92
2.2
2.19
2.47
3.12
3.08
2.39
1.87
3.27
3.23
2.36
2.04
2.08
3.05
2.49
1.87
3.52
2.3
2.24
2.59
3.79
2.84
1.69
3.08
3.08
2.84
1.82
2.49
2.47
2.12
2.43
3.21
2.34
2.51
1.41
1.84
2.25
2.79
2.4
2.35
3.93
3.99
3.73
2.45
2.34
3.81
3.23
3.4
2.3
2.75
3.15
3.3
2.87
1.92
3.85
3.53
2.62
2.61
1.9
2.37
2.36
2.77
1.87
2.46
2.53
2.82
2.7
2.44
2.08
2.1
2.04
2.66
2.82
2.74
2.95
2.94
2.73
2.21
4.07
3.86
3.05
2.21
2.77
1.99
2.06
2.66
3.43
4.0
4.56
3.62
2.08
2.63
3.08
3.5
3.98
3.53
4.25
3.23
2.77
2.14
1.97
1.26
2.15
1.77
1.07
2.21
2.45
2.86
1.95
1.75
1.88
3.35
3.72
3.75
1.93
2.21
2.63
2.72
1.69
1.45
1.58
1.54
2.51
1.87
2.35
1.65
1.83
2.22
3.1
2.43
3.57
2.32
1.8
2.77
1.8
2.73
2.6
2.09
1.83
1.8
1.66
1.87
2.53
3.53
1.49
2.38
4.22
2.47
2.38
2.66
2.79
1.1
3.23
2.14
1.99
2.99
2.64
3.68
3.55
3.67
4.3
2.27
2.91
1.83
2.49
3.12
3.47
2.32
2.64
2.47
2.86
2.27
2.07
3.7
2.65
1.79
1.68
1.62
1.3
2.84
1.82
1.49
1.31
1.09
1.45
2.12
2.35
2.98
2.64
2.21
1.84
2.45
2.21
1.88
2.12
2.45
2.23
2.49
2.64
2.45
2.82
1.62
2.38
2.51
2.79
4.06
3.3
2.36
3.44
3.67
3.3
3.93
3.76
3.05
1.99
1.95
1.75
2.05
2.3
3.48
3.29
2.4
3.17
3.39
2.99
2.06
2.56
2.99
3.14
1.77
2.59
2.36
2.25
1.67
1.17
3.6
2.94
2.94
3.47
3.72
3.59
3.1
3.73
3.07
2.9
3.95
2.73
2.75
2.55
2.48
3.14
3.66
1.99
2.34
1.73
3.22
3.95
3.82
4.6
5.16
3.27
3.4
3.96
4.79
4.37
4.85
5.19
3.57
2.9
3.96
4.65
4.15
3.93
5.1
5.07
3.59
4.77
3.15
5.04
4.46
4.78
3.92
3.49
3.3
3.85
2.58
1.73
1.64
3.24
2.58
3.76
4.21
4.69
5.04
4.48
4.35
3.55
3.16
3.18
2.05
1.48
2.12
2.92
3.2
2.09
2.47
1.88
1.97
2.27
2.29
2.17
3.24
3.25
3.46
3.15
3.55
4.01
4.72
6.24
5.63
6.76
6.04
3.65
4.97
3.77
4.9
4.03
4.16
5.57
4.83
3.08
1.91
2.39
3.11
3.83
4.4
4.03
6.46
6.18
5.12
3.23
4.92
4.31
4.61
3.83
2.77
4.01
2.84
3.11
3.22
2.97
3.37
2.89
2.77
1.71
3.4
3.27
4.48
4.57
4.6
4.47
2.96
2.96
3.31
4.02
3.17
4.18
4.29
4.0
4.55
4.63
3.83
3.75
5.59
4.46
3.27
3.37
3.22
5.31
4.89
4.93
2.48
1.68
2.51
4.12
2.95
3.21
3.05
2.51
1.52
1.77
1.2
0.77
1.87
1.67
2.43
2.45
4.25
3.74
4.65
4.42
5.66
5.97
4.57
2.17
2.79
2.43
2.21
2.06
1.36
1.95
1.99
2.86
2.73
2.94
5.06
5.38
5.11
3.52
3.03
1.88
3.34
3.42
2.92
3.49
3.16
2.98
3.56
2.56
1.84
1.62
2.06
3.88
3.18
1.91
1.39
1.83
1.44
1.45
2.36
2.92
2.89
2.48
2.33
3.05
2.85
3.55
4.68
4.26
2.94
2.94
3.0
2.73
2.39
3.1
3.44
3.94
3.0
2.76
2.79
2.0
2.25
1.98
1.67
0.37
1.31
1.65
1.3
2.38
3.24
1.66
1.93
2.04
1.86
2.58
2.19
1.9
2.23
2.16
3.09
2.92
2.23
3.07
2.79
4.32
