3.96
5.52
5.08
6.5
5.41
2.77
0.108
0.0
0.0
0.0
0.0
0.0
0.0
0.0
0.0
0.0
0.0
0.011
0.011
0.0
0.0
0.0
0.0
0.0
0.0
0.206
0.596
0.531
0.607
0.552
0.769
0.78
0.401
0.141
0.0
0.108
0.119
0.108
0.163
0.336
0.141
0.455
0.574
0.845
0.628
0.617
0.325
0.682
0.379
0.672
0.173
0.672
0.412
0.737
0.628
0.747
0.888
0.823
0.823
0.455
0.292
0.249
0.682
0.152
0.228
0.466
0.617
0.531
0.487
0.552
0.141
0.282
0.228
0.043
0.26
0.0
0.0
0.0
0.0
0.0
0.0
0.0
0.0
0.0
0.011
0.022
0.0
0.0
0.0
0.0
0.032
0.108
0.433
0.433
0.628
0.379
0.867
0.617
0.888
2.25
2.81
2.42
4.06
4.33
4.77
5.02
7.85
7.86
7.89
8.75
5.11
7.3
9.04
11.9
14.6
9.7
12.5
16.7
15.7
16.3
15.0
15.2
11.2
14.9
11.9
11.7
11.8
11.4
8.13
7.32
8.56
12.5
18.0
15.1
15.6
13.9
16.8
13.9
12.7
13.1
12.6
12.8
12.9
11.1
9.17
8.32
11.2
15.0
13.6
13.0
13.6
9.43
11.2
7.93
8.69
1.57
4.54
5.38
5.91
7.43
6.94
7.59
5.92
7.09
8.96
9.56
11.0
6.98
0.747
0.0
0.0
0.0
1.93
5.53
5.09
6.68
5.88
6.03
7.28
3.77
3.44
2.63
4.44
4.15
3.74
3.48
3.45
3.79
3.03
5.7
4.83
6.97
6.82
6.92
9.26
7.48
7.93
4.02
0.411
11.6
2.9
6.29
5.78
8.77
6.35
0.098
4.38
6.2
3.61
5.86
10.5
7.72
11.1
10.4
8.25
6.33
10.2
9.76
6.62
4.94
7.31
6.27
6.88
17.2
17.2
16.8
19.0
17.1
11.3
18.7
17.9
17.2
15.6
18.9
18.5
19.8
14.1
15.2
17.8
16.8
13.3
20.8
16.4
15.0
19.3
17.0
14.5
10.0
3.81
4.25
7.22
9.06
10.2
9.58
6.5
9.04
9.82
15.8
10.4
10.6
7.22
5.3
10.5
11.3
9.53
9.64
9.88
15.0
17.4
16.2
14.0
14.2
15.5
15.2
13.0
16.7
19.4
17.1
17.7
16.8
16.9
14.9
14.4
15.3
14.2
10.4
8.22
7.61
7.81
9.38
11.1
13.1
8.96
5.77
16.6
4.41
10.9
12.7
11.4
7.32
2.1
3.29
3.98
3.52
4.62
4.03
2.65
6.37
3.44
2.37
2.18
1.27
10.1
9.46
9.43
5.62
10.0
7.41
7.81
10.9
9.87
5.83
7.93
7.59
9.13
5.64
6.37
7.27
7.44
7.27
8.8
6.26
6.1
9.67
14.6
14.4
11.3
20.1
16.5
16.2
14.9
13.2
15.0
17.8
16.0
16.2
16.2
17.4
17.1
11.4
17.7
16.9
15.4
12.1
18.3
13.8
16.1
8.97
17.0
12.8
17.4
16.7
20.1
18.5
13.3
24.4
17.9
18.4
22.5
20.4
19.3
15.9
19.9
20.2
13.0
14.6
20.7
21.2
16.5
18.1
18.7
19.8
20.5
20.4
20.0
19.1
21.1
21.0
20.3
20.2
18.1
18.7
18.3
20.5
18.8
20.2
16.4
22.1
14.9
17.2
18.0
15.6
12.8
17.8
18.4
20.5
14.4
18.3
18.1
20.6
21.0
20.4
20.2
19.3
23.4
20.2
13.5
27.8
12.1
1.01
17.3
10.9
8.76
12.1
13.0
11.3
11.2
12.2
10.4
10.4
7.21
12.3
10.1
11.1
11.1
10.6
8.77
11.4
11.2
9.34
9.9
9.0
8.95
6.8
8.96
9.08
9.12
10.2
7.55
5.34
3.51
5.85
5.87
11.8
8.83
5.57
3.69
4.09
3.01
2.94
2.46
3.27
2.88
6.58
15.7
16.7
15.7
16.6
14.3
11.3
13.9
14.9
14.8
16.7
16.8
16.3
13.1
14.7
15.9
15.0
16.7
16.8
16.5
13.0
18.8
14.9
16.6
13.9
15.3
16.4
1.56
3.14
2.45
3.68
6.41
4.16
6.51
5.97
5.26
5.42
4.27
8.3
4.79
9.02
7.25
2.04
6.8
5.78
3.73
2.09
3.33
4.84
4.96
6.06
7.47
4.2
7.91
6.68
9.14
8.98
7.28
6.22
4.85
6.41
7.68
11.5
9.89
11.0
11.4
6.67
9.75
9.38
9.64
12.1
11.9
11.9
12.1
11.1
7.07
13.6
7.97
12.0
12.5
10.7
8.62
11.0
9.29
9.32
6.54
4.34
3.87
4.47
2.26
0.0
0.065
10.4
5.88
7.53
8.7
10.5
10.4
9.04
3.27
6.5
8.9
14.0
12.6
13.6
12.5
13.7
13.5
12.7
9.34
12.0
11.3
11.8
11.0
12.6
12.5
15.7
15.1
12.3
11.1
18.7
24.2
20.7
23.1
22.0
19.6
20.2
22.5
17.9
15.4
15.9
21.0
17.8
16.9
21.9
20.0
25.3
26.1
26.8
26.7
23.7
20.3
16.8
19.0
16.7
19.4
18.1
20.4
21.5
21.1
18.2
11.6
12.2
15.7
14.7
19.6
20.5
15.6
20.2
15.9
22.5
20.3
18.4
20.7
15.1
14.5
14.9
14.1
14.7
14.4
16.5
9.94
10.5
9.68
10.6
11.1
4.53
6.3
13.2
13.4
14.2
16.8
20.2
18.4
19.8
20.0
19.2
18.3
16.3
19.5
16.3
16.8
8.26
17.9
15.1
16.4
14.3
14.5
12.1
13.7
12.8
11.3
11.7
11.1
13.0
12.4
12.3
9.75
7.89
8.07
10.8
10.8
5.99
7.91
5.17
7.92
8.9
7.44
6.21
6.88
8.32
3.75
4.1
6.33
5.58
6.73
4.21
5.74
4.71
4.93
4.56
3.69
3.54
0.087
5.6
4.06
6.6
8.8
9.47
7.13
10.6
11.4
10.4
9.65
10.9
12.0
10.5
9.5
9.69
9.76
11.2
12.2
11.8
6.2
8.12
9.9
8.63
7.26
7.34
4.98
5.09
11.2
13.2
14.7
14.2
8.06
0.0
0.0
0.0
0.0
0.0
0.379
0.011
0.011
0.0
0.0
0.032
0.043
0.0
0.011
0.0
0.0
0.0
0.0
0.0
0.0
0.0
0.0
0.0
0.0
0.0
0.0
0.206
0.087
1.48
3.5
5.99
5.78
7.69
6.3
8.6
9.22
10.8
16.9
19.5
18.7
14.9
16.7
16.7
16.5
16.9
17.0
19.0
18.0
10.0
17.8
7.95
2.66
8.09
6.68
8.19
14.9
16.5
11.8
12.9
13.5
12.9
13.8
16.0
15.0
13.1
14.0
15.4
12.0
13.0
13.3
14.1
14.9
13.7
14.3
15.2
15.7
16.0
14.2
13.4
13.1
8.67
12.6
15.0
13.2
3.96
11.4
2.04
0.0
4.06
9.48
9.14
5.93
8.81
7.94
8.95
9.56
8.03
8.6
7.32
7.27
8.28
7.65
8.04
0.336
0.672
8.74
3.35
3.65
0.433
5.64
4.42
3.24
4.33
5.49
4.63
5.33
4.97
6.59
4.63
5.86
5.46
4.71
4.31
4.31
5.58
3.05
3.47
2.64
2.45
2.45
2.13
3.05
3.26
3.12
2.76
2.56
2.43
2.82
3.0
3.25
3.34
4.91
4.93
6.59
5.92
6.99
2.51
0.011
3.25
2.4
0.314
2.36
1.25
2.18
2.75
2.99
3.01
3.44
3.39
3.62
4.47
5.31
3.61
7.13
4.6
5.25
1.3
1.78
2.25
2.17
2.11
1.98
1.61
2.21
2.88
3.54
3.04
3.47
3.02
0.0
0.0
0.0
0.0
0.0
0.0
0.0
0.0
0.564
3.02
2.22
2.69
2.3
1.78
2.35
2.11
2.68
2.38
3.21
3.49
3.26
3.89
4.13
4.25
2.94
3.98
3.31
4.25
3.77
4.02
3.48
1.41
0.671
2.63
3.02
4.06
3.43
3.13
3.76
3.99
4.14
3.93
3.93
2.27
3.84
4.68
4.87
4.69
4.67
3.78
1.54
1.92
0.216
0.0
0.0
0.0
0.011
0.563
4.37
5.28
5.48
6.98
2.89
0.119
4.79
6.84
7.9
7.93
4.83
1.66
4.52
2.22
2.05
2.19
3.48
4.59
0.79
1.58
1.47
0.986
0.444
0.238
0.195
1.77
0.087
0.011
0.022
0.043
0.032
0.0
0.0
0.0
0.0
0.0
0.0
0.0
0.0
0.0
0.0
0.0
0.0
0.0
0.043
0.0
0.011
0.022
0.0
0.0
0.0
0.0
0.0
0.0
0.0
0.0
0.0
0.0
0.0
0.0
0.857
0.043
0.054
0.0
0.0
0.0
0.0
0.0
0.0
0.0
0.0
0.0
0.0
0.011
0.0
0.0
0.0
0.0
0.0
0.0
0.0
0.0
0.0
0.0
0.0
0.0
0.0
0.0
0.0
0.0
0.0
0.0
0.0
0.0
0.0
0.0
0.0
0.0
0.0
0.0
0.0
0.0
0.0
0.358
1.06
1.52
2.25
1.05
0.455
3.65
4.07
5.39
6.15
6.63
7.86
7.38
6.29
0.867
0.0
0.0
0.0
0.0
0.0
0.0
0.0
0.0
0.0
0.0
0.0
0.0
0.0
0.0
0.0
0.0
0.0
0.0
0.0
0.0
0.0
0.0
0.0
0.0
0.0
0.0
0.0
0.0
0.0
0.0
0.0
0.0
0.0
0.011
0.0
0.0
0.0
0.0
0.0
0.0
0.0
0.0
0.0
0.0
0.0
0.0
0.0
0.0
0.0
0.0
0.0
0.0
0.0
0.0
0.0
0.0
0.0
0.0
0.0
0.0
0.0
0.0
0.0
0.0
0.0
0.0
0.0
0.0
2.73
3.83
3.27
2.94
2.87
0.249
2.45
1.77
2.5
3.48
2.39
2.32
2.37
2.42
2.65
3.51
3.74
1.56
3.22
2.69
1.27
0.032
1.34
0.119
0.0
0.0
0.0
0.0
0.705
0.011
1.19
1.02
1.02
0.834
0.91
0.585
1.36
1.62
1.65
1.21
1.91
2.23
1.6
1.79
1.87
1.75
1.04
1.56
1.78
2.08
1.68
0.942
1.69
1.94
2.07
1.93
1.35
2.27
1.64
0.812
0.834
0.986
0.802
1.09
1.14
1.02
1.54
1.29
1.48
1.39
1.81
1.73
1.19
2.04
1.35
1.99
0.726
0.011
0.0
0.0
0.022
3.62
4.49
3.23
3.08
3.05
3.81
4.97
2.77
4.64
1.39
3.28
2.19
2.71
0.953
0.379
4.35
9.49
9.03
9.13
11.9
11.4
11.4
10.4
10.4
11.4
11.9
13.5
11.6
15.7
11.2
11.3
6.56
2.8
0.0
1.59
2.12
0.195
0.087
0.011
0.032
0.011
0.26
0.173
0.314
0.347
0.455
0.498
0.379
0.065
0.087
0.13
0.043
0.022
0.152
0.076
0.108
0.0
0.022
0.0
0.661
0.812
0.812
1.07
0.78
0.715
0.845
1.03
1.12
1.03
0.932
0.953
1.01
1.15
1.07
1.04
0.216
0.0
0.0
1.73
1.05
1.15
1.09
0.0
1.15
3.4
1.08
1.02
0.953
0.098
0.022
0.184
0.672
1.15
0.997
1.1
0.942
0.758
0.91
0.249
0.0
0.0
1.77
0.769
0.0
0.0
0.0
0.574
0.0
0.0
0.0
0.791
1.97
0.769
0.054
0.0
0.412
1.1
1.61
1.04
1.02
1.12
1.05
1.16
1.07
1.12
1.01
1.04
0.942
0.845
0.52
0.0
0.0
1.47
1.34
1.03
1.17
0.0
0.0
0.0
0.0
0.39
0.0
1.42
0.0
0.0
0.0
0.0
0.0
0.0
0.0
2.52
0.574
0.802
0.401
0.314
0.433
0.628
0.596
0.217
0.737
0.379
0.585
0.357
0.303
0.509
0.401
0.173
0.011
0.0
0.0
0.011
0.293
0.087
0.163
0.032
0.13
0.087
0.065
0.141
0.065
0.13
0.032
0.152
0.032
0.098
0.032
0.379
0.184
0.173
0.076
0.163
0.076
0.054
0.054
0.054
0.043
0.043
0.282
0.238
0.054
0.054
0.032
0.054
0.032
0.032
0.022
0.022
0.032
0.011
0.022
0.022
0.022
0.022
0.032
0.087
0.152
0.217
0.076
0.173
0.043
0.0
0.0
0.0
0.0
0.0
0.0
0.0
0.0
0.0
0.0
0.0
0.0
0.0
0.0
0.0
0.0
0.0
0.0
0.0
0.0
0.0
0.0
0.0
0.0
0.0
0.0
0.0
0.0
0.0
0.0
0.0
0.0
0.0
0.0
0.0
0.0
0.0
0.0
0.0
0.0
0.0
0.0
0.0
0.0
0.0
0.0
0.0
0.0
0.0
0.0
0.0
0.412
1.12
1.06
0.942
0.932
0.845
1.03
1.07
0.975
0.953
1.04
1.09
0.964
1.03
1.07
0.769
0.715
0.401
0.065
0.217
0.0
0.0
1.39
1.48
0.997
0.996
0.0
0.0
0.0
0.0
0.0
0.0
0.0
0.0
0.0
0.0
0.0
0.0
0.0
0.0
0.0
0.0
0.0
0.0
0.0
0.0
0.0
0.0
0.0
0.0
0.0
0.987
0.0
0.0
0.0
0.0
0.0
0.0
0.0
0.0
2.04
0.032
1.39
0.0
0.0
1.91
0.834
1.03
0.964
1.06
1.01
1.09
0.953
0.856
0.498
0.357
1.03
1.17
0.997
0.953
0.531
0.0
0.0
1.85
1.52
0.552
0.563
3.05
0.0
0.0
2.66
0.26
0.0
0.0
0.347
0.0
0.0
2.93
0.758
1.04
0.617
0.152
0.433
0.466
0.509
1.06
0.942
1.04
1.04
1.08
0.747
0.0
0.0
0.0
0.0
0.0
0.0
0.0
8.49
1.08
1.07
1.05
1.03
1.06
1.02
1.12
0.996
1.12
1.12
1.08
1.02
0.693
0.0
0.0
0.0
0.0
0.0
6.06
1.07
1.08
1.12
1.06
1.12
1.07
1.02
1.01
1.13
1.08
0.704
0.477
0.466
0.379
0.78
0.932
0.845
0.888
1.12
1.06
0.422
0.0
0.0
1.93
1.29
2.26
0.0
0.0
3.66
0.986
1.09
1.02
1.1
1.15
1.06
1.06
1.1
1.02
1.1
1.03
1.12
0.65
0.0
0.0
0.0
0.0
0.0
0.0
0.0
0.0
3.97
1.15
0.39
0.607
0.78
0.152
0.303
0.412
0.477
0.292
0.422
0.379
0.0
0.022
0.054
0.043
0.076
0.087
0.119
0.065
0.043
0.379
0.747
0.509
0.477
1.15
0.975
1.1
0.195
0.0
0.0
0.0
0.0
0.0
1.33
1.07
0.065
0.032
0.564
0.856
0.097
0.0
0.011
0.0
0.0
0.0
0.0
0.0
0.0
0.0
0.0
0.0
0.0
0.0
0.0
0.0
0.0
7.15
1.07
0.942
1.13
1.04
1.09
1.05
1.12
1.1
1.02
1.05
1.04
1.08
1.09
1.02
1.14
1.06
0.26
0.0
0.108
2.16
1.19
0.552
0.748
2.93
1.04
1.06
1.06
1.06
1.02
1.13
1.09
1.07
1.13
0.986
1.21
1.07
1.06
0.195
0.0
0.0
0.0
0.0
5.81
1.12
1.08
1.12
1.04
0.997
1.1
1.04
1.08
1.07
1.06
1.12
1.04
0.867
0.975
0.997
0.997
0.043
0.0
0.098
2.21
1.03
2.47
0.953
0.802
1.05
0.769
0.238
0.0
0.0
1.71
1.3
1.09
2.73
1.09
1.03
1.07
1.1
0.953
1.06
0.964
0.867
1.09
1.07
1.09
1.01
0.953
0.867
0.39
0.433
0.422
0.0
0.0
2.08
1.22
5.42
10.3
10.8
6.97
7.43
10.7
12.3
13.7
13.1
11.6
11.3
12.0
12.9
13.5
12.7
14.6
17.0
16.7
16.7
15.7
15.7
15.4
14.5
16.0
13.7
16.7
16.8
17.6
17.3
14.8
11.7
11.8
14.3
14.3
10.5
10.7
9.42
7.46
8.84
7.85
8.47
8.05
9.53
9.12
10.0
9.68
9.26
10.5
9.77
8.65
10.1
8.03
9.14
7.77
6.22
6.49
22.0
18.4
22.5
20.7
19.8
26.2
20.7
13.9
17.3
18.0
11.4
22.9
12.8
17.0
16.7
14.1
23.2
20.9
26.1
20.0
16.2
26.7
21.4
20.2
20.8
25.1
20.4
20.0
20.6
20.1
19.7
18.4
15.9
18.0
14.4
13.4
18.6
18.6
12.2
5.68
0.217
1.85
4.61
5.18
5.1
5.88
5.08
5.48
5.81
7.04
5.83
6.81
5.78
5.59
4.67
7.04
3.17
6.06
1.39
5.02
4.14
4.16
3.55
3.37
3.21
2.53
0.043
3.88
1.99
2.2
2.6
3.05
3.05
3.03
5.11
5.31
5.21
5.88
3.42
2.13
2.42
3.29
2.9
2.58
2.74
3.5
3.05
2.1
1.6
2.38
3.31
2.56
3.49
3.89
4.34
5.72
4.17
2.74
3.63
5.97
4.28
6.39
5.72
6.95
5.75
2.51
3.12
2.65
17.4
18.2
14.5
16.8
19.0
18.7
15.7
15.5
17.1
18.5
15.5
16.6
19.4
19.4
17.3
15.8
20.4
17.6
14.9
12.9
17.7
16.4
18.2
18.1
20.3
18.9
20.0
18.3
17.8
19.9
20.3
19.5
16.5
17.8
18.8
19.3
18.9
19.2
19.3
18.0
19.9
15.4
18.5
15.7
15.5
14.4
18.3
15.9
17.4
15.2
15.4
14.2
15.3
16.5
16.9
19.6
19.0
20.5
17.1
19.7
20.0
20.4
18.9
19.9
17.3
11.6
10.3
11.1
17.2
17.9
19.8
19.0
17.1
19.8
12.9
13.0
16.2
15.8
5.37
11.4
9.26
9.92
2.9
8.9
1.84
11.7
6.38
13.5
5.47
10.3
3.56
1.6
0.0
0.716
3.81
7.73
1.49
0.011
5.13
0.845
0.0
0.0
0.0
3.13
1.86
2.25
1.93
0.032
0.0
0.835
3.17
4.07
3.61
5.02
4.56
5.14
2.77
4.31
5.23
6.48
8.01
7.69
4.95
0.065
10.6
3.61
4.09
2.61
4.42
4.39
5.68
5.68
7.24
4.83
6.43
4.72
5.19
5.45
4.71
3.52
5.05
5.91
5.32
5.77
5.18
5.61
5.32
4.05
5.49
5.59
6.72
7.48
7.63
6.02
7.43
5.33
7.09
6.85
7.25
5.88
7.21
8.15
6.08
3.55
7.02
6.8
8.73
9.15
8.93
8.31
5.77
9.56
8.71
5.95
8.93
6.93
9.33
2.98
10.5
10.6
9.04
0.346
0.0
8.47
10.4
11.4
9.53
10.5
8.85
5.57
9.31
2.79
0.758
0.0
4.8
4.5
0.011
0.358
9.32
7.56
9.73
5.16
1.5
0.499
5.62
3.88
4.57
2.12
4.23
5.7
6.42
6.05
4.61
5.0
3.93
3.82
6.99
6.77
3.88
5.98
6.37
4.59
4.38
4.7
6.69
7.32
9.78
10.9
10.2
9.4
6.87
5.77
5.51
7.2
7.14
7.67
7.13
4.4
1.97
2.25
1.93
2.1
5.83
0.737
10.2
8.72
9.44
8.42
7.35
7.95
8.79
7.15
4.72
5.15
1.86
1.68
3.98
6.8
10.1
11.7
10.5
11.7
13.6
10.8
7.94
7.34
7.96
12.7
9.95
15.8
12.2
9.6
12.8
13.2
12.4
12.1
12.5
14.3
14.3
12.7
13.8
14.2
13.0
12.1
12.6
11.2
12.3
12.7
12.6
12.3
11.1
11.4
11.3
11.4
10.8
10.4
10.8
12.5
13.7
13.4
11.9
8.51
2.0
3.29
2.14
2.78
4.26
4.16
3.75
2.64
5.39
4.66
6.21
8.52
7.27
7.55
7.51
4.04
1.19
2.3
0.856
3.21
4.32
4.82
3.34
3.72
3.8
3.47
4.96
5.17
4.09
4.14
4.66
4.92
2.35
3.01
1.7
3.71
2.91
4.12
4.18
3.4
1.65
6.42
5.54
7.16
7.4
8.26
8.46
9.02
8.56
8.46
10.6
10.2
9.76
14.0
7.57
8.3
6.56
6.35
6.74
7.86
8.19
6.11
5.55
0.152
0.0
0.184
5.83
10.0
7.58
7.91
10.8
9.1
6.23
1.87
2.01
3.5
1.55
9.09
11.0
8.84
3.86
3.34
2.82
2.53
0.152
2.38
1.71
2.63
2.53
2.81
2.5
1.88
4.11
6.71
4.94
6.32
5.08
6.51
11.7
8.64
7.04
5.51
1.4
7.86
6.58
5.52
3.08
2.47
3.5
4.91
6.63
8.12
7.75
7.95
8.41
11.7
8.0
9.86
11.6
12.0
12.1
10.4
11.1
13.4
11.6
11.7
12.1
12.4
12.0
13.1
11.0
11.5
10.3
13.3
12.0
11.8
12.7
12.7
12.1
12.2
12.8
18.8
15.6
18.5
16.3
17.8
16.7
17.8
17.1
19.0
18.4
10.2
13.3
18.1
17.5
17.4
17.0
17.7
16.3
16.0
18.2
16.0
16.4
17.5
16.6
15.9
17.9
17.5
5.48
9.66
8.63
9.53
9.82
14.4
15.1
12.7
14.8
14.2
12.5
15.1
14.1
14.2
13.9
14.4
13.6
15.0
11.9
2.43
0.0
17.9
5.41
5.45
6.9
6.16
7.15
5.94
7.72
8.69
9.64
9.55
10.1
9.9
3.34
9.17
2.91
2.14
0.0
2.55
0.422
0.0
6.47
10.1
0.52
0.0
7.25
3.51
1.16
1.15
0.953
1.92
1.51
1.75
1.46
0.986
1.29
1.02
0.541
1.43
2.45
2.61
3.81
3.22
3.02
3.38
3.55
1.64
0.726
1.83
3.33
2.3
1.86
2.52
2.21
2.43
2.98
2.42
2.76
2.17
1.4
2.87
2.26
2.82
2.52
1.95
2.52
2.48
1.58
1.82
2.32
3.56
3.42
4.05
3.57
3.79
3.1
2.89
3.0
2.52
2.62
2.22
0.011
3.92
2.91
2.76
2.27
1.78
1.57
3.16
3.39
4.04
5.6
5.35
5.56
7.47
8.62
9.34
8.96
10.5
7.58
7.64
10.5
10.6
10.8
11.9
13.3
12.0
12.6
7.34
11.6
13.9
13.6
14.0
14.4
14.1
15.8
15.6
14.7
15.4
14.7
14.5
7.86
20.0
14.3
10.4
15.3
14.1
10.2
12.4
14.1
12.8
11.8
10.1
10.6
12.0
14.2
12.3
15.1
11.3
13.8
13.9
13.7
13.6
14.0
14.5
15.6
16.1
15.6
14.5
14.1
17.3
15.8
14.5
8.07
17.7
16.4
13.9
15.1
13.8
14.4
14.8
11.8
15.4
14.5
15.8
16.1
13.4
14.8
14.2
14.4
15.7
14.9
14.3
16.4
13.2
13.4
13.6
14.8
15.2
15.2
14.7
14.5
13.3
13.3
11.0
0.011
14.9
0.899
1.86
1.67
1.36
1.47
1.65
2.71
1.19
2.84
12.6
14.8
12.8
13.3
14.0
13.8
14.0
14.1
13.1
14.7
14.5
14.7
14.7
14.6
14.9
14.9
14.9
14.5
14.0
12.2
15.9
14.9
15.0
13.0
13.0
15.9
14.1
13.8
13.0
11.3
11.9
16.2
14.0
13.9
14.0
14.8
14.9
8.16
0.0
2.14
14.3
14.0
14.1
14.1
12.8
14.0
10.3
12.7
16.0
14.9
13.1
16.6
11.1
9.84
20.0
15.0
14.2
9.38
17.6
14.5
13.5
10.8
18.3
15.2
15.0
15.1
9.99
18.6
14.6
15.7
14.2
13.8
13.5
14.2
13.8
13.9
14.9
14.9
13.7
14.7
13.9
14.0
13.5
13.3
13.0
15.0
14.0
14.0
13.9
13.7
15.5
15.4
15.1
15.4
15.0
15.4
15.1
13.0
15.6
14.8
15.1
14.7
15.1
15.1
15.0
15.1
15.3
15.0
15.1
14.2
13.9
13.8
11.9
13.4
6.02
14.1
11.9
7.13
14.9
12.5
11.6
9.31
12.0
8.3
9.64
13.4
13.8
14.2
14.1
13.8
13.9
14.6
14.8
15.0
15.0
10.6
0.314
0.0
7.11
10.1
8.06
10.2
11.5
11.9
7.51
7.54
8.68
5.52
6.21
6.68
6.76
6.38
8.93
1.06
0.812
6.84
5.99
6.54
1.15
0.065
9.67
6.14
5.08
6.03
5.72
6.0
6.2
6.76
6.69
2.46
8.1
2.83
4.2
3.81
4.3
6.27
5.47
6.03
5.44
4.51
0.195
8.69
4.55
5.16
5.25
4.61
6.17
7.14
5.6
4.13
3.86
5.34
3.76
3.26
3.39
3.52
2.76
2.75
4.22
5.25
5.01
4.61
2.08
5.16
4.5
2.85
3.05
3.89
2.19
1.35
2.01
3.48
14.8
14.2
14.9
14.8
14.0
14.1
14.4
13.9
13.4
15.8
15.2
15.0
14.8
15.9
14.8
9.89
17.3
14.4
13.9
15.3
14.8
14.9
14.8
14.9
14.9
14.5
15.1
15.0
15.0
15.1
14.8
14.9
14.7
8.74
20.2
14.4
9.93
20.1
14.3
15.9
14.6
14.2
14.2
14.2
14.3
13.7
13.7
12.3
15.0
14.0
16.0
15.8
14.5
14.2
15.5
14.2
14.8
15.0
15.1
15.0
14.6
14.4
15.7
14.2
15.3
10.6
8.57
18.6
13.5
12.5
3.69
7.22
3.8
0.0
2.01
1.96
0.596
1.74
0.216
0.271
0.0
0.0
1.54
2.13
0.368
0.054
0.0
0.119
0.422
0.314
0.227
0.0
0.0
0.0
0.0
0.0
0.0
1.51
2.05
2.2
1.34
2.03
1.68
2.25
2.88
3.79
5.03
3.81
4.63
5.16
4.93
8.58
9.72
5.25
7.17
5.68
8.67
8.13
5.94
6.17
7.26
5.77
3.67
7.27
6.88
6.09
6.61
5.5
4.79
2.77
5.56
4.92
4.9
6.0
4.06
5.49
4.06
2.5
5.07
5.99
5.28
7.41
4.98
6.8
10.2
11.0
11.8
12.1
12.9
12.4
12.0
13.6
12.1
9.4
10.8
12.0
12.3
11.9
11.3
9.36
4.98
4.52
4.56
6.8
10.6
10.2
12.0
10.5
13.1
9.72
11.3
11.2
13.6
13.6
14.0
10.4
13.2
14.6
14.3
10.8
17.4
14.6
14.7
13.7
13.2
8.43
4.37
5.0
4.85
7.63
7.26
6.58
7.33
7.12
7.65
8.97
5.12
4.3
5.39
5.17
6.22
4.28
7.1
6.24
3.96
6.63
4.92
7.22
6.51
6.49
2.62
6.37
5.04
4.71
5.19
4.94
2.77
0.563
8.91
5.87
5.08
6.02
4.94
5.51
4.09
4.02
3.79
3.43
5.09
4.83
4.07
2.28
2.98
1.77
1.9
0.032
1.27
1.61
2.79
3.55
4.05
3.4
5.19
6.07
6.37
5.96
7.73
9.86
9.16
8.79
8.87
10.0
8.46
6.28
5.46
7.81
9.68
13.4
13.4
13.2
13.6
15.3
15.0
8.24
10.2
7.83
8.38
6.86
8.67
11.2
13.1
11.8
15.3
14.4
13.8
15.0
13.9
13.1
14.2
4.96
19.1
13.8
13.0
15.4
14.9
14.0
15.4
14.8
13.6
15.3
14.8
14.5
13.7
13.0
13.2
15.0
5.87
19.5
6.91
14.2
6.72
7.6
8.51
2.45
3.91
5.85
2.04
2.2
11.3
10.6
12.9
14.3
13.9
13.6
13.7
13.7
15.7
15.4
13.3
8.08
10.6
17.6
14.9
15.1
14.1
14.9
15.5
15.4
14.9
15.2
15.0
14.1
13.8
8.01
0.996
0.0
0.065
0.043
0.173
0.065
1.2
4.01
5.04
6.75
5.22
6.47
8.0
9.83
12.0
10.7
12.5
14.0
13.4
9.82
14.7
12.2
11.2
12.1
11.8
9.15
5.46
8.49
8.49
10.9
13.9
14.4
14.6
13.5
13.7
13.2
15.2
14.1
14.0
13.7
14.4
14.0
14.4
7.46
18.0
11.3
9.53
8.45
13.1
8.44
8.63
8.65
10.7
1.95
0.531
2.71
0.877
2.51
2.97
4.74
4.66
7.16
6.14
5.94
7.22
8.35
7.34
7.65
6.21
9.25
8.8
8.43
10.6
9.89
9.56
5.38
11.0
11.7
12.9
10.9
13.5
13.7
13.2
14.6
10.1
10.7
15.8
14.1
13.9
8.9
9.86
9.23
9.82
11.3
9.79
10.6
10.8
11.0
10.6
11.4
11.0
11.2
11.6
11.6
10.9
9.85
12.4
12.7
11.6
12.7
11.8
11.7
12.0
12.7
12.2
10.8
11.6
11.5
12.5
13.1
13.7
12.2
11.5
11.6
12.9
10.7
9.68
12.2
12.3
12.0
13.6
12.9
11.4
11.8
12.9
12.5
11.8
11.2
11.1
10.6
8.71
11.2
12.0
11.0
10.1
9.13
9.25
9.12
7.89
9.46
8.98
5.94
6.75
7.76
7.54
5.3
4.62
3.81
2.25
3.36
2.23
3.42
4.61
6.41
5.97
6.83
7.44
6.86
6.96
7.59
7.72
8.62
7.67
7.67
8.46
10.1
8.6
9.25
8.51
10.2
10.2
9.78
9.25
11.0
10.3
9.76
9.91
11.1
11.2
9.01
8.83
11.8
11.7
11.8
11.4
12.0
12.0
11.6
12.0
8.45
14.6
12.5
11.7
11.3
12.3
11.3
11.3
10.8
11.0
11.0
11.7
10.5
7.66
11.3
9.2
10.0
6.87
10.7
11.2
11.0
10.7
10.6
7.84
7.12
8.36
9.6
10.1
10.8
11.4
11.8
10.6
11.3
10.6
10.3
9.12
8.44
7.65
8.67
8.73
9.07
9.68
11.6
8.82
7.94
8.17
9.34
10.3
11.2
11.9
11.4
12.3
13.5
16.3
15.2
13.4
15.0
13.9
13.7
14.1
17.1
17.7
16.2
14.9
10.2
9.0
10.2
12.5
12.0
10.2
11.6
12.2
11.4
12.1
9.67
12.2
12.3
12.2
14.8
13.4
12.1
8.99
10.1
7.61
5.99
8.83
9.53
10.8
10.3
8.95
6.54
9.45
13.6
9.32
9.07
7.63
6.27
3.31
10.2
8.96
8.99
4.91
2.86
4.63
4.4
2.84
2.75
0.303
0.0
0.239
1.06
1.47
1.66
0.812
0.292
0.607
0.899
0.964
0.314
0.747
0.379
0.271
0.0
0.0
0.0
0.0
0.0
0.0
0.0
0.0
0.0
0.0
0.0
0.0
0.0
0.0
0.0
0.0
0.0
0.0
0.0
1.19
3.03
3.75
0.823
0.0
0.0
0.0
0.0
0.0
0.0
6.24
14.9
16.4
18.0
20.0
18.4
20.5
18.9
20.7
19.8
15.6
24.1
20.4
19.3
19.4
18.5
19.1
19.0
19.2
21.2
21.1
21.5
19.8
20.3
18.9
20.7
21.7
21.6
20.1
20.0
20.2
19.4
20.4
20.4
20.9
21.6
21.5
21.3
21.6
21.8
21.5
22.2
21.6
14.7
14.6
18.9
19.2
19.7
21.2
18.8
18.9
18.2
17.5
16.5
13.7
12.1
11.5
10.8
10.8
9.56
1.46
5.34
3.65
1.01
1.7
1.04
1.17
1.39
1.99
2.43
2.27
1.46
2.03
1.72
2.65
0.498
2.7
4.03
1.92
1.33
0.0
0.206
8.28
3.55
3.4
1.55
4.06
3.56
1.85
2.37
2.81
2.75
3.41
2.6
3.69
2.36
2.97
3.21
1.91
1.84
2.5
2.46
3.56
3.18
2.5
2.04
1.82
1.42
2.16
2.24
3.0
3.22
2.76
3.14
3.38
1.62
3.98
6.03
2.79
4.53
0.011
2.44
3.16
3.47
3.68
4.92
5.06
7.14
5.49
4.02
2.91
1.68
1.69
1.99
2.21
4.37
4.81
3.64
3.04
5.35
11.0
15.1
14.9
13.6
12.7
13.9
13.4
12.3
13.7
11.0
11.7
11.5
9.87
10.0
12.5
10.3
5.31
6.01
5.51
3.57
0.0
0.0
0.553
0.0
0.0
0.0
0.0
0.0
0.032
11.3
8.16
9.71
5.34
10.9
9.26
8.62
9.37
7.87
7.93
9.19
7.6
7.65
9.23
9.95
7.51
8.89
8.64
7.59
6.52
5.74
7.24
7.27
7.34
7.19
7.88
8.49
7.82
8.64
8.18
7.78
6.7
8.65
11.8
11.5
12.3
6.96
5.18
4.74
5.86
6.87
7.84
3.65
7.51
5.81
7.12
5.31
5.32
4.3
8.89
11.8
13.9
12.2
11.9
10.5
10.6
13.6
14.3
13.5
13.4
13.7
13.6
13.6
12.1
9.86
10.8
6.82
11.7
11.3
11.8
14.0
10.7
11.9
9.07
9.67
4.25
1.05
0.011
0.0
0.0
3.73
12.1
14.6
14.1
10.7
14.3
14.1
13.5
14.9
13.4
14.9
13.4
13.8
15.5
14.7
14.5
13.8
15.0
13.3
15.1
14.1
15.3
13.2
15.5
13.7
14.7
13.7
14.9
9.23
17.3
15.3
14.8
14.1
15.3
15.2
14.4
15.7
14.3
14.5
14.1
14.9
13.6
13.7
10.3
17.8
4.77
14.4
5.87
18.0
14.4
14.2
9.43
14.6
15.6
15.7
14.3
14.3
13.8
15.1
15.1
14.7
15.2
15.8
14.3
12.6
16.8
8.36
17.8
11.9
13.0
8.1
16.9
7.45
14.0
18.1
14.8
12.1
16.8
15.2
13.2
14.9
14.5
13.4
16.4
14.5
14.5
14.3
14.3
13.9
13.8
15.3
15.3
9.1
14.6
14.5
14.1
15.5
15.9
15.2
14.3
14.8
15.6
14.3
14.8
14.1
15.6
15.6
14.4
12.4
3.86
14.7
20.7
13.8
14.8
13.8
14.5
15.3
14.6
14.4
14.0
16.6
14.8
16.7
16.1
14.9
16.1
14.4
16.1
15.3
15.8
12.0
8.45
22.6
14.8
14.7
15.6
16.0
15.0
10.7
7.54
8.94
11.0
2.73
0.0
0.152
22.1
3.68
5.36
7.18
7.3
8.96
9.22
9.38
10.5
13.1
12.8
14.5
15.3
11.1
14.3
14.4
14.3
14.6
14.6
14.5
13.2
14.9
15.2
14.7
16.6
15.0
13.5
14.4
15.1
14.2
14.4
14.3
14.5
6.12
9.33
12.7
11.8
12.0
11.7
11.0
10.5
9.91
7.73
3.62
6.08
6.1
2.86
5.41
2.72
2.69
2.0
4.39
2.09
2.48
3.08
1.58
0.0
0.0
5.32
5.68
3.17
0.032
2.55
3.09
4.33
5.95
5.35
6.02
5.08
4.05
5.1
5.9
4.61
6.29
4.76
4.99
6.03
4.74
4.71
3.91
4.28
7.73
8.53
7.31
8.04
8.71
4.74
4.74
5.57
4.83
4.9
2.12
2.83
5.88
9.05
9.3
8.73
2.37
1.13
1.85
4.33
3.96
3.03
4.89
3.39
2.96
2.69
2.94
2.9
3.89
1.56
5.16
3.64
1.88
1.03
1.52
1.78
1.39
1.07
1.94
2.17
1.91
1.15
3.29
2.77
5.5
4.55
3.01
3.61
4.17
2.3
1.94
10.6
9.07
8.09
6.46
8.71
8.38
7.76
9.71
7.41
7.47
4.83
5.98
5.16
7.33
5.11
7.15
5.24
4.56
5.2
6.19
5.3
5.98
4.81
5.08
6.49
5.89
4.05
4.97
2.94
5.18
4.0
4.9
7.53
4.46
6.89
6.04
4.39
4.8
5.24
7.98
8.01
5.19
4.59
7.51
5.24
2.06
6.26
4.63
5.12
4.85
6.86
3.7
4.98
7.6
8.25
9.77
6.38
6.21
7.43
4.08
4.47
3.29
2.4
6.6
5.68
2.78
3.93
7.45
7.16
6.04
6.76
5.11
7.49
8.34
6.9
5.03
9.11
8.81
9.17
8.63
9.9
7.34
9.58
10.4
9.65
12.5
13.1
12.2
8.08
5.83
7.7
6.41
8.77
8.6
7.85
7.45
6.76
6.67
5.7
7.29
5.73
3.92
4.78
4.64
5.63
6.22
4.53
6.22
6.95
7.19
6.4
5.74
4.77
5.95
5.73
3.05
0.076
1.58
4.07
0.0
2.03
3.63
1.85
2.47
1.38
2.35
2.42
1.65
1.7
0.78
0.216
0.0
0.0
1.21
4.28
3.26
4.78
4.72
2.92
3.41
6.12
5.77
4.5
2.36
0.282
7.05
9.28
6.07
7.14
0.725
1.55
8.46
6.73
2.63
2.9
2.1
4.03
1.3
0.737
2.92
4.46
2.51
3.16
3.28
3.54
3.92
4.63
4.37
5.74
6.07
3.28
2.86
11.5
10.7
10.7
9.97
13.5
11.8
14.5
10.9
3.44
4.06
0.314
0.0
0.011
0.206
11.4
4.15
5.84
5.82
5.85
4.96
2.85
4.13
3.24
2.5
4.02
3.83
5.38
5.88
3.45
9.11
4.17
5.65
5.7
5.26
0.53
9.32
3.92
4.39
5.57
4.07
5.42
5.02
4.53
4.65
4.96
0.0
6.41
6.41
3.73
3.21
3.77
0.747
2.12
0.465
0.032
0.0
0.0
9.6
10.2
4.31
0.0
0.0
0.0
4.86
9.11
6.5
4.87
12.8
14.7
12.6
9.09
1.36
3.03
13.8
12.6
12.9
12.4
7.3
5.04
9.05
12.0
8.48
11.3
12.7
11.6
9.93
6.89
9.42
11.7
8.8
5.6
7.89
8.87
7.67
9.43
12.5
10.0
11.0
10.6
10.0
9.09
11.3
12.7
11.5
13.6
8.02
9.65
14.5
12.0
10.7
10.6
9.46
4.35
7.28
8.49
7.94
12.2
11.6
11.8
14.0
14.7
13.6
14.0
15.9
15.0
16.1
14.9
13.7
14.0
15.2
10.4
8.26
11.4
10.6
8.49
9.9
10.4
7.55
9.45
8.15
9.23
8.61
12.3
14.7
13.9
15.9
15.1
16.3
15.3
15.4
5.74
20.5
14.9
15.5
15.8
15.4
16.0
16.4
15.5
15.7
15.3
14.8
14.0
15.4
15.7
15.4
15.8
15.6
15.7
15.2
15.4
15.3
15.0
13.2
18.3
15.7
14.8
15.8
15.9
12.3
0.0
0.011
4.2
5.46
0.011
1.55
0.0
0.0
7.83
5.58
0.52
0.0
0.0
7.63
2.69
1.87
1.79
1.88
2.17
1.94
1.94
1.27
0.0
1.73
1.47
2.13
0.802
3.39
1.68
1.03
0.802
2.71
1.93
2.19
2.11
2.45
2.27
2.44
2.79
1.32
1.3
0.791
1.82
1.9
1.1
1.33
2.05
1.18
0.736
1.83
1.06
0.91
1.14
0.964
1.39
0.509
0.0
0.011
3.34
1.05
0.997
0.747
0.736
1.03
1.3
1.07
1.04
1.15
1.26
1.56
2.25
0.747
0.802
1.55
1.66
1.03
1.3
1.33
1.01
1.03
0.0
0.011
2.75
1.6
0.628
0.888
1.02
0.834
0.986
0.26
0.0
0.618
1.22
0.206
0.022
0.011
2.42
0.888
0.932
1.19
1.35
1.45
0.607
0.043
0.0
4.59
8.19
6.11
6.12
4.15
8.55
9.53
5.72
10.6
6.25
6.41
9.13
6.51
8.41
5.13
9.37
10.9
11.7
11.2
9.67
9.36
9.32
8.96
9.45
9.69
9.65
8.86
11.2
8.85
11.5
8.48
9.67
10.1
9.87
12.4
11.1
12.0
10.7
10.5
10.1
10.6
13.3
14.0
11.8
8.88
13.6
14.8
14.4
10.5
12.7
12.3
14.9
12.9
13.8
13.5
12.8
15.0
15.8
10.3
11.2
17.1
13.4
5.01
7.83
5.03
5.73
7.83
7.67
5.92
7.24
5.65
7.35
8.64
10.7
13.9
15.7
12.2
13.6
15.1
15.2
15.2
16.0
15.6
15.5
15.0
14.2
15.9
13.8
13.0
15.4
13.8
14.2
15.2
13.9
14.8
13.1
11.2
17.9
17.7
17.8
20.3
15.1
19.2
17.7
17.2
15.6
15.5
18.5
18.5
15.7
14.4
15.6
13.9
12.7
12.4
13.0
12.9
13.1
14.2
14.0
15.2
12.0
10.2
14.2
14.0
15.9
12.3
12.0
11.3
7.33
9.58
11.4
10.6
9.72
10.5
12.4
10.0
6.22
7.26
9.35
11.7
11.4
9.92
9.82
11.9
16.9
13.4
10.2
8.07
9.35
14.1
12.3
12.9
12.0
10.5
6.5
10.3
10.3
10.6
8.91
9.72
11.4
8.91
2.43
2.66
2.75
3.27
4.56
2.5
5.05
1.43
2.12
0.867
1.91
1.68
1.77
2.53
2.29
2.47
2.7
2.17
3.21
2.26
4.26
3.44
3.26
2.96
0.812
2.57
4.25
0.855
2.89
2.57
1.94
1.45
1.93
1.87
0.921
1.38
2.71
1.53
3.38
1.55
0.0
5.95
3.37
3.87
4.03
1.03
3.91
2.77
4.42
6.4
4.27
0.639
1.67
1.56
1.58
0.0
4.48
8.84
8.46
11.3
10.2
10.2
8.16
7.48
7.21
5.67
4.69
6.1
11.9
12.6
12.8
14.3
15.3
15.5
15.6
14.3
15.3
12.0
13.1
13.9
14.4
13.7
9.85
11.0
13.2
13.3
12.9
13.0
16.3
14.4
14.7
14.7
15.0
14.6
15.6
14.1
15.5
16.6
10.9
10.2
11.4
5.88
6.9
10.7
9.73
5.11
8.0
7.24
8.18
7.36
7.17
7.47
7.06
7.55
7.6
5.84
9.76
7.49
7.03
7.92
7.5
7.67
7.8
7.72
7.63
7.78
8.11
5.19
7.1
4.56
7.56
6.72
4.49
7.03
7.6
4.8
5.34
4.71
7.41
6.47
6.92
6.07
5.19
0.714
0.0
7.81
6.82
6.76
7.47
7.91
7.2
8.09
6.87
5.82
6.25
6.93
4.14
0.433
1.44
0.282
0.0
0.412
9.34
3.17
3.57
5.81
6.2
5.7
5.42
8.82
6.01
9.02
4.44
7.82
7.26
7.62
7.04
7.47
7.86
8.41
6.67
6.12
7.48
5.94
8.29
6.04
6.26
9.07
5.44
6.69
6.02
4.95
6.53
7.17
6.24
10.8
10.3
10.6
12.4
9.25
10.3
10.5
11.7
9.32
11.6
12.8
10.7
9.4
5.74
3.45
5.55
7.11
8.35
6.42
7.6
10.9
9.64
3.46
0.0
4.5
4.25
5.08
4.07
2.68
0.682
0.054
0.0
0.0
5.92
4.92
5.88
3.68
5.31
1.92
1.71
8.62
2.7
2.95
6.65
2.91
0.0
4.65
5.76
6.71
7.46
6.51
6.29
7.78
10.1
9.35
4.87
11.4
4.45
6.22
1.87
0.011
2.89
1.84
2.3
1.97
0.769
0.249
4.34
3.95
5.41
2.44
3.25
4.6
3.61
2.87
4.8
3.85
4.95
8.07
6.38
5.44
5.13
6.85
1.34
2.25
3.66
0.509
1.43
0.0
0.022
0.0
1.06
0.856
1.14
1.39
2.08
3.73
2.88
4.12
3.08
4.48
5.84
8.94
7.16
7.41
6.85
5.26
1.2
8.51
3.42
4.7
4.83
6.16
8.46
8.7
9.16
7.83
10.6
7.18
10.3
9.42
7.78
8.18
7.27
6.58
6.04
9.23
9.01
8.45
8.26
5.51
8.51
9.02
11.8
9.65
7.31
3.26
0.325
3.19
2.31
4.51
3.7
3.42
1.74
4.42
1.33
1.38
2.04
1.79
1.01
1.35
2.31
1.71
2.4
3.34
2.83
3.41
3.6
3.49
2.69
1.84
2.92
3.21
3.89
4.65
1.69
0.011
0.076
3.47
3.69
3.98
3.39
4.09
4.37
5.38
5.52
6.61
7.9
7.94
10.9
11.9
4.89
7.01
5.91
3.87
4.74
5.37
5.43
4.37
2.6
2.83
7.04
6.85
11.1
11.2
10.1
14.3
12.4
11.8
10.9
6.1
9.59
13.4
15.4
17.3
13.5
15.8
14.6
13.8
11.1
1.9
8.86
5.59
4.47
3.66
2.56
3.54
2.38
0.173
2.32
1.96
1.95
1.6
1.61
1.83
1.92
1.92
1.92
2.88
2.78
4.24
3.74
3.89
4.07
2.7
2.72
1.98
1.39
0.769
2.04
1.9
1.99
1.19
1.63
0.585
1.44
1.4
1.81
1.54
1.47
0.877
1.46
3.04
2.77
4.3
4.6
5.06
4.6
4.79
9.74
10.6
10.3
10.8
9.93
9.21
9.92
12.2
8.71
11.8
10.8
11.0
8.34
7.49
8.19
9.88
10.7
12.7
12.2
12.2
11.6
10.9
10.7
13.0
8.87
8.36
10.7
10.5
9.75
9.94
10.1
8.0
11.3
9.71
10.5
12.3
13.5
10.3
11.9
12.7
13.1
12.2
7.91
9.54
13.3
11.9
11.4
12.8
12.5
12.7
12.1
12.8
13.6
12.5
10.4
8.89
9.68
10.3
9.97
11.5
10.3
9.17
11.4
12.3
9.91
8.61
13.5
11.7
12.3
13.1
11.8
10.1
9.47
11.1
12.8
12.5
8.05
6.8
3.09
1.51
2.06
0.747
2.5
2.39
3.63
3.2
3.52
6.08
6.42
4.4
0.476
3.78
3.72
2.68
2.81
3.24
3.53
4.33
2.13
5.19
4.45
6.98
7.89
7.87
7.16
4.98
4.8
4.04
5.4
9.82
5.83
9.11
5.32
4.91
7.07
2.24
4.09
7.64
1.87
5.71
7.16
4.39
3.08
4.32
0.444
1.53
7.44
3.25
2.81
0.173
3.13
2.37
1.14
2.81
4.02
3.5
3.65
2.42
2.38
1.87
0.52
4.98
6.28
5.32
5.92
7.27
8.43
9.49
12.3
13.0
14.8
17.1
19.5
16.9
18.6
18.8
15.4
15.4
10.4
22.8
20.3
17.7
17.0
17.4
13.6
14.3
15.7
15.6
19.9
20.1
13.2
7.7
7.91
8.36
11.7
7.0
11.8
11.5
13.6
9.2
9.66
8.35
8.32
7.28
12.8
11.0
11.0
8.59
9.63
6.48
6.94
2.9
0.043
13.0
1.9
2.44
1.1
1.72
3.17
2.01
4.26
4.15
7.95
8.8
8.05
8.29
10.2
7.34
8.62
7.29
8.12
2.73
4.67
8.03
8.88
7.26
7.39
4.53
8.87
7.07
6.31
10.1
6.37
8.22
4.73
8.71
7.48
5.99
5.26
7.86
4.63
6.41
11.0
5.96
7.78
12.3
7.51
5.05
11.8
7.84
9.01
7.66
14.0
9.04
9.64
7.79
7.04
8.99
4.79
8.18
8.6
5.5
4.98
5.88
7.97
5.43
6.26
3.25
2.6
4.56
3.37
0.942
5.11
6.76
14.4
16.7
17.4
15.8
16.2
16.0
16.8
14.6
14.2
14.1
17.9
17.9
18.3
17.9
17.7
18.8
19.5
20.3
18.7
14.4
19.0
18.2
18.5
17.6
18.6
18.8
18.3
19.9
12.2
19.8
18.6
19.6
19.7
18.1
15.9
11.9
8.45
17.9
16.8
17.8
15.7
13.1
14.9
10.6
12.5
16.2
19.6
9.42
11.7
18.0
16.4
16.4
17.7
16.4
16.0
16.2
13.0
14.4
12.6
13.7
14.6
13.7
13.6
13.7
15.8
14.7
14.6
14.7
14.9
13.9
15.9
13.9
13.9
16.0
14.6
13.9
15.0
16.6
15.6
15.0
14.4
7.28
20.0
16.3
14.5
7.63
21.5
15.5
11.7
19.0
10.8
17.4
14.9
15.3
11.6
15.7
14.7
13.9
9.68
11.1
11.5
10.0
8.09
5.38
7.06
11.8
4.53
1.17
0.411
0.076
18.8
10.6
10.1
10.3
12.5
11.8
6.63
4.33
8.63
11.0
14.7
15.8
13.3
12.7
16.7
14.8
15.7
14.9
9.32
8.96
10.9
7.78
6.69
3.28
3.43
3.62
4.17
6.93
4.65
5.25
9.85
4.53
6.47
1.83
0.0
0.011
8.7
2.19
2.53
2.73
3.26
3.27
2.75
5.51
3.09
0.39
0.0
7.15
2.83
4.76
2.92
2.81
3.76
3.72
3.0
2.87
3.23
3.14
3.69
4.34
0.953
2.81
1.61
3.5
4.86
5.6
3.03
3.36
4.58
3.35
6.52
5.7
5.93
3.53
5.34
4.0
3.09
3.99
2.56
2.08
6.11
3.94
5.0
0.78
3.69
2.85
1.93
3.42
3.49
1.83
1.64
0.758
1.37
10.4
10.3
10.7
11.6
11.3
10.1
11.4
10.7
13.4
13.9
15.7
14.7
16.3
14.8
14.0
14.6
5.42
20.4
13.0
15.1
12.0
14.0
15.4
14.5
14.4
13.4
13.6
14.7
16.3
14.6
14.2
14.3
14.0
14.9
14.3
14.2
14.4
14.5
14.8
6.69
16.3
19.3
15.2
13.8
8.06
19.2
14.4
15.8
16.2
14.2
12.6
0.455
20.4
11.2
11.1
11.7
11.1
12.0
11.4
12.8
12.4
12.3
12.5
14.7
15.1
14.4
11.9
14.7
13.7
15.4
6.58
1.31
10.7
3.72
0.0
0.011
0.845
0.238
0.0
0.054
0.455
0.065
0.022
0.0
0.173
0.672
0.401
0.108
0.032
0.0
0.0
0.0
0.0
0.0
0.0
0.0
0.0
0.0
0.011
0.065
0.39
0.574
1.01
1.28
1.03
1.02
0.769
1.01
1.56
1.82
2.69
3.4
4.26
3.46
3.2
4.64
4.79
6.59
6.67
4.01
6.88
4.99
5.85
6.56
6.52
6.27
5.78
0.823
5.11
3.5
4.0
2.89
3.39
4.04
3.9
4.73
5.44
2.83
3.68
1.96
0.022
2.88
3.89
4.25
6.31
5.24
6.36
7.87
8.84
11.4
12.1
12.2
10.6
12.9
12.4
8.73
6.73
10.4
12.1
11.6
8.68
7.27
6.09
4.07
0.141
3.89
3.8
5.62
10.6
9.39
12.1
6.29
1.26
6.36
7.19
6.79
6.41
4.02
6.8
6.81
8.6
10.0
10.3
10.8
9.63
7.86
9.46
9.74
9.86
7.01
6.52
7.43
5.6
4.76
4.72
3.54
4.56
4.28
7.48
4.84
4.96
3.67
3.81
3.85
4.01
2.78
2.92
4.39
3.26
2.73
2.09
3.69
4.64
4.46
4.47
4.5
5.11
3.22
1.48
2.17
1.99
2.35
3.09
3.53
3.66
3.62
2.49
1.71
1.78
1.78
1.32
2.22
1.42
0.866
0.0
1.14
0.108
0.043
0.195
0.098
0.368
0.531
0.704
0.823
1.22
1.22
1.38
2.06
4.68
0.91
2.43
3.04
3.28
3.34
2.89
0.53
0.0
1.66
1.8
2.43
2.79
3.36
4.58
6.2
6.5
6.59
5.63
5.88
4.73
5.7
5.79
5.06
4.07
5.08
4.92
6.04
6.39
7.56
7.13
8.25
6.94
8.47
6.27
4.71
6.74
5.12
5.99
6.15
6.68
6.38
7.48
7.06
6.86
5.45
5.81
5.39
5.2
4.92
5.3
4.61
5.59
3.52
3.04
2.36
1.49
0.152
4.03
5.05
7.19
6.7
7.49
7.61
6.9
10.4
8.25
11.7
9.02
8.69
10.8
10.6
9.94
12.9
10.9
11.9
10.2
12.9
10.8
10.8
11.8
9.8
4.43
2.98
0.098
0.0
0.0
0.0
0.0
0.0
0.51
1.14
2.27
3.47
4.42
3.83
4.39
4.28
3.41
4.73
4.31
3.7
4.09
4.28
5.61
3.44
7.82
4.18
3.4
5.34
5.18
4.72
5.89
11.0
9.66
8.71
7.32
5.58
10.8
9.71
8.72
10.2
8.24
10.6
9.64
9.87
10.4
10.1
11.1
10.4
11.8
9.43
1.41
4.97
3.12
2.61
2.92
2.76
2.45
3.11
1.96
1.07
0.249
0.542
0.292
0.076
0.0
0.0
0.0
0.0
0.0
4.05
8.48
7.96
13.0
11.8
12.7
13.3
10.7
11.7
14.4
12.2
16.3
19.4
19.6
21.5
19.9
20.6
14.1
15.7
16.0
14.8
16.2
19.3
18.1
20.0
15.0
17.9
17.3
21.7
21.3
25.5
19.0
12.8
14.6
13.2
13.9
14.1
13.3
13.7
16.7
18.5
16.4
17.3
13.2
7.16
9.31
6.53
9.51
10.2
11.0
10.2
8.39
9.28
6.12
2.82
5.44
8.64
4.83
6.33
9.28
9.77
8.15
6.64
5.73
5.02
0.791
7.65
3.77
2.62
2.63
5.38
5.59
5.77
9.17
10.0
9.97
8.49
1.96
12.6
5.67
7.56
13.7
12.8
16.1
14.5
13.0
14.6
12.7
13.0
11.9
14.2
17.1
15.8
16.7
16.1
14.5
16.7
15.0
14.7
12.8
16.0
14.5
17.6
14.8
5.07
13.3
14.0
15.5
16.9
13.7
14.4
15.4
12.7
14.7
11.2
15.5
14.4
14.3
12.0
13.6
10.3
11.0
12.3
12.3
11.7
9.07
9.39
5.82
6.24
5.91
7.47
5.36
5.96
8.3
10.1
3.12
6.79
6.57
12.6
4.41
14.9
13.1
16.2
17.5
20.2
17.5
19.9
21.3
19.9
18.8
13.6
7.87
11.4
19.5
17.2
15.7
16.6
16.3
11.7
12.8
15.8
19.7
17.4
22.8
19.5
15.3
16.0
13.4
13.8
12.7
13.2
13.5
10.5
7.93
6.95
7.3
9.13
8.27
6.24
8.69
6.2
9.91
9.69
7.46
8.05
5.2
4.53
10.2
9.29
12.7
11.6
15.3
11.5
13.0
10.5
9.32
8.76
10.8
6.51
10.1
8.93
5.48
6.35
9.13
7.18
6.52
6.13
10.1
11.1
6.07
8.65
6.68
11.9
13.5
8.89
6.22
8.6
6.82
10.6
13.0
3.7
4.83
10.8
13.3
7.0
11.3
8.15
15.3
9.88
8.58
7.98
7.02
8.35
11.4
7.53
8.44
5.26
7.8
3.25
2.91
4.15
2.85
1.92
0.26
0.13
0.0
0.0
1.12
1.3
0.932
0.13
0.477
0.704
0.574
0.715
0.617
0.032
0.358
0.087
0.715
0.433
0.054
0.043
0.238
0.076
0.303
0.379
0.0
0.0
0.13
0.357
0.715
0.921
0.292
0.076
1.4
2.71
3.92
4.93
5.84
9.92
14.8
17.9
16.9
17.1
21.7
18.2
9.79
11.2
3.9
5.35
5.85
7.82
12.2
11.1
15.8
15.9
16.0
15.9
18.7
17.7
14.9
17.9
17.4
17.1
20.5
19.4
17.8
20.1
18.6
18.5
19.7
20.1
20.5
19.8
22.9
20.4
20.7
21.3
11.9
20.1
14.8
20.2
21.4
19.9
21.8
21.2
20.4
20.7
20.8
17.7
19.1
19.7
20.3
19.2
18.7
16.7
17.9
18.2
19.0
22.4
17.7
15.4
11.6
9.45
10.6
8.36
11.8
10.1
10.2
10.2
8.09
9.04
7.33
4.31
6.1
5.47
5.5
0.054
0.032
3.94
0.855
0.639
1.11
2.89
1.57
0.899
1.02
1.22
1.14
1.34
0.628
0.022
0.022
2.81
1.22
1.86
2.07
1.9
1.87
1.73
0.899
2.09
1.59
2.13
2.08
1.42
1.7
2.26
2.17
2.09
1.97
1.25
2.04
2.24
1.01
2.6
2.03
2.25
2.23
1.73
1.8
1.69
0.411
1.44
1.61
1.95
1.83
1.91
3.05
1.44
0.541
0.011
3.1
1.32
0.921
2.11
3.91
4.79
2.99
5.52
4.66
4.8
2.97
4.89
5.72
5.8
0.779
7.68
3.14
4.05
3.4
2.35
2.85
5.1
4.47
3.29
3.41
4.67
2.28
13.6
11.5
10.5
11.7
13.9
18.1
15.7
18.4
17.6
16.4
14.0
9.43
7.9
9.01
9.42
8.45
5.36
8.97
3.21
2.26
5.37
6.14
12.1
14.5
12.4
11.1
9.81
12.1
10.5
9.21
11.9
10.7
10.4
10.5
12.4
12.0
9.6
9.99
9.94
9.15
12.1
12.6
14.1
12.4
13.9
13.4
12.1
14.6
11.0
10.8
17.2
13.7
10.9
13.7
13.2
14.6
13.0
13.0
12.5
11.3
11.4
11.6
8.52
10.4
10.7
10.4
10.8
12.1
11.8
10.3
11.8
13.6
9.25
19.1
8.75
10.7
10.4
7.59
4.22
16.1
4.07
6.34
8.15
6.55
7.93
7.99
7.53
7.43
8.62
6.58
8.47
11.5
12.0
7.91
13.4
13.9
14.5
14.8
13.1
14.1
12.1
13.4
14.5
5.93
15.1
15.7
13.9
14.9
12.9
14.3
14.4
13.3
15.8
14.1
14.5
13.7
13.6
13.7
13.0
15.0
13.6
15.8
15.1
15.0
15.1
14.9
14.4
14.5
15.2
15.4
13.3
16.4
13.1
17.2
14.8
14.7
16.2
14.5
15.9
14.0
15.0
10.8
11.4
14.2
15.2
14.8
13.5
1.34
9.88
0.715
9.57
4.22
4.03
4.95
5.83
9.66
1.6
14.9
13.3
13.2
14.3
15.7
15.3
15.3
15.0
14.8
14.6
15.7
14.3
15.8
16.3
14.8
15.6
15.2
14.9
15.2
14.7
13.7
15.7
14.9
14.4
14.4
14.7
14.3
10.1
10.7
18.7
15.2
15.5
15.2
14.7
14.0
15.8
14.4
13.3
14.3
13.8
15.6
14.7
14.2
14.8
14.9
15.4
13.7
15.6
15.1
15.5
10.5
17.8
15.7
14.6
14.4
15.1
15.2
15.7
16.5
8.57
15.4
14.4
14.0
16.0
14.9
13.8
3.63
0.682
20.9
9.79
10.8
10.8
8.12
14.0
12.6
14.2
13.5
15.1
15.2
13.0
15.2
11.7
15.5
16.1
14.9
13.4
15.7
15.3
15.4
10.7
17.2
14.9
16.1
12.9
15.4
14.4
14.5
13.9
14.9
14.9
16.5
15.5
15.1
15.5
15.7
15.4
5.94
1.47
17.0
1.73
2.92
3.68
5.87
7.65
11.9
7.78
11.4
8.57
6.85
11.5
10.6
13.8
14.4
11.8
13.1
9.75
6.6
10.2
8.69
13.7
15.0
12.2
14.9
14.7
15.7
15.9
15.0
15.0
7.15
20.5
15.5
15.2
12.9
16.0
15.3
12.8
14.2
14.8
14.4
14.4
14.1
5.0
16.5
2.28
0.011
16.6
4.12
5.55
6.33
6.66
5.38
4.09
2.73
1.7
3.46
1.34
1.99
1.69
1.98
2.37
1.19
0.0
3.82
0.671
2.03
0.693
0.0
0.0
0.0
0.0
0.0
0.0
5.0
11.1
7.65
6.01
11.3
9.76
9.88
9.61
10.7
10.3
13.1
11.5
14.8
12.5
11.8
11.4
13.0
11.7
13.2
12.0
12.4
6.29
5.65
15.0
14.5
6.84
14.4
17.5
8.25
5.54
7.05
14.1
15.1
15.3
11.6
2.19
11.2
6.2
10.8
4.7
1.31
7.62
7.94
5.84
1.3
5.58
3.78
3.04
4.24
7.55
4.63
1.72
4.91
3.22
2.66
3.45
6.07
8.61
3.87
4.09
5.6
2.53
2.01
14.1
5.47
4.77
7.39
10.5
13.9
10.5
9.0
13.3
4.59
8.21
5.33
7.01
9.66
8.97
8.11
10.1
9.98
8.47
7.6
8.6
10.3
9.98
12.1
10.4
11.5
11.0
12.1
10.4
10.7
10.0
8.05
10.3
11.5
13.2
10.5
11.7
11.7
10.8
9.04
6.82
8.17
10.4
11.7
15.3
15.3
13.6
13.5
10.8
10.5
10.5
10.9
5.21
6.94
5.83
9.68
11.8
12.0
8.57
13.8
13.1
4.86
10.6
5.9
3.4
4.63
9.65
12.5
13.7
5.13
11.0
10.5
12.8
7.51
11.0
13.3
15.9
14.2
13.9
13.3
10.5
10.5
13.4
6.79
11.2
14.7
14.5
13.4
8.35
14.8
12.2
9.43
12.3
8.18
12.1
11.2
10.2
15.4
12.8
14.9
14.9
9.01
16.1
9.4
8.55
6.77
11.2
11.2
11.5
5.39
5.78
4.7
7.13
4.39
5.77
8.69
8.48
3.9
10.1
0.531
12.4
6.82
3.76
3.89
4.44
0.476
0.0
8.17
1.74
3.95
9.17
4.8
6.44
8.98
1.22
7.28
3.26
3.72
2.06
5.5
5.42
4.12
2.92
4.46
4.42
3.68
0.617
0.369
0.0
0.0
6.41
8.75
0.0
1.36
0.0
0.0
0.0
0.0
0.011
17.2
2.13
2.61
1.93
3.04
3.29
3.2
2.98
4.39
5.99
6.03
5.31
8.94
14.3
12.7
11.9
13.4
10.1
2.31
4.86
2.57
0.0
0.108
12.9
0.0
2.04
2.32
0.834
0.0
0.986
0.0
0.0
1.26
0.0
1.72
0.444
0.0
0.0
0.011
8.18
1.71
1.22
2.33
1.35
1.64
1.8
2.88
2.84
1.47
2.01
2.57
1.94
3.29
3.14
2.0
2.68
3.35
2.19
2.17
1.99
2.75
2.46
2.04
2.42
2.42
2.62
1.59
1.09
4.05
1.69
2.2
1.86
1.7
2.7
1.55
2.59
2.04
2.22
0.985
0.488
2.07
0.0
0.0
0.0
0.173
13.1
2.17
4.21
5.78
5.23
4.39
4.77
2.68
2.4
6.56
7.17
5.04
7.33
8.59
5.91
6.63
8.23
2.2
7.28
5.59
9.03
4.66
5.78
6.59
5.85
5.57
4.31
6.49
6.35
7.07
5.99
1.23
0.0
0.0
7.13
9.66
10.8
11.6
10.4
10.8
9.59
9.42
7.6
7.92
9.1
8.02
8.91
9.12
11.3
10.3
10.4
11.9
12.4
12.8
12.1
12.5
11.8
11.8
12.7
10.0
13.4
12.3
12.5
12.2
11.5
12.0
12.7
11.6
12.3
11.6
9.42
12.6
12.8
13.9
11.8
13.3
12.3
13.4
12.7
13.2
13.8
13.7
12.4
17.2
17.3
16.4
18.1
16.9
16.0
16.1
13.6
17.2
14.8
14.1
13.8
15.5
14.4
16.5
14.7
1.79
10.5
10.5
12.9
12.8
10.9
10.3
9.99
10.3
10.4
9.37
10.0
13.2
11.4
14.5
12.1
13.5
13.5
5.72
9.98
2.5
5.12
6.03
8.11
8.01
8.97
5.16
9.99
9.77
3.71
0.271
16.0
6.27
4.5
4.67
4.51
3.92
6.72
4.96
4.57
3.67
3.55
2.98
1.29
2.62
2.51
2.38
2.61
2.31
3.22
4.21
3.73
4.55
4.72
4.97
4.18
4.76
5.38
4.77
3.8
4.31
4.01
3.05
3.16
4.16
4.53
4.31
5.06
4.85
4.47
5.08
4.77
4.43
3.98
3.81
3.78
4.07
5.16
4.89
4.92
4.51
4.38
4.42
4.25
4.68
3.21
5.04
4.86
4.02
4.12
3.61
4.46
3.62
5.74
5.76
4.9
4.12
4.55
4.19
5.1
4.91
5.36
7.38
6.68
6.91
5.18
4.47
6.36
9.3
8.81
11.6
7.42
7.03
6.96
5.44
6.23
7.04
7.91
6.9
6.44
5.61
5.11
4.93
1.61
0.227
5.5
3.34
4.42
3.6
4.7
4.27
4.97
5.99
7.74
8.43
3.95
2.75
2.36
1.81
8.12
7.28
6.91
6.3
6.4
5.2
7.06
5.81
5.83
12.1
2.75
10.0
4.85
6.36
4.94
6.42
9.08
5.8
6.51
4.85
6.75
8.95
10.9
9.14
10.0
12.6
14.3
12.0
11.4
12.4
14.6
11.7
13.7
12.5
17.3
15.5
12.3
10.9
9.92
13.4
10.2
10.6
9.27
6.94
12.3
11.9
14.2
13.7
10.6
9.22
9.15
12.0
13.0
10.9
10.5
9.63
13.3
12.5
10.7
10.9
11.5
12.3
12.3
14.2
13.5
15.6
10.7
10.8
12.7
13.3
12.9
