4.05
8.48
7.96
13.0
11.8
12.7
13.3
10.7
11.7
14.4
12.2
16.3
19.4
19.6
21.5
19.9
20.6
14.1
15.7
16.0
14.8
16.2
19.3
18.1
20.0
15.0
17.9
17.3
21.7
21.3
25.5
19.0
12.8
14.6
13.2
13.9
14.1
13.3
13.7
16.7
18.5
16.4
17.3
13.2
7.16
9.31
6.53
9.51
10.2
11.0
10.2
8.39
9.28
6.12
2.82
5.44
8.64
4.83
6.33
9.28
9.77
8.15
6.64
5.73
5.02
0.79
7.65
3.77
2.62
2.63
5.38
5.59
5.77
9.17
10.0
9.97
8.49
1.96
12.6
5.67
7.56
13.7
12.8
16.1
14.5
13.0
14.6
12.7
13.0
11.9
14.2
17.1
15.8
16.7
16.1
14.5
16.7
15.0
14.7
12.8
16.0
14.5
17.6
14.8
5.07
13.3
14.0
15.5
16.9
13.7
14.4
15.4
12.7
14.7
11.2
15.5
14.4
14.3
12.0
13.6
10.3
11.0
12.3
12.3
11.7
9.07
9.39
5.82
6.24
5.91
7.47
5.36
5.96
8.3
10.1
3.12
6.79
6.57
12.6
4.41
14.9
13.1
16.2
17.5
20.2
17.5
19.9
21.3
19.9
18.8
13.6
7.87
11.4
19.5
17.2
15.7
16.6
16.3
11.7
12.8
15.8
19.7
17.4
22.8
19.5
15.3
16.0
13.4
13.8
12.7
13.2
13.5
10.5
7.93
6.95
7.3
9.13
8.27
6.24
8.69
6.2
9.91
9.69
7.46
8.05
5.2
4.53
10.2
9.29
12.7
11.6
15.3
11.5
13.0
10.5
9.32
8.76
10.8
6.51
10.1
8.93
5.48
6.35
9.13
7.18
6.52
6.13
10.1
11.1
6.07
8.65
6.68
11.9
13.5
8.89
6.22
8.6
6.82
10.6
13.0
3.7
4.83
10.8
13.3
7.0
11.3
8.15
15.3
9.88
8.58
7.98
7.02
8.35
11.4
7.53
8.44
5.26
7.8
3.25
2.91
4.15
2.85
1.92
0.26
0.13
0
0
1.12
1.3
0.93
0.13
0.48
0.7
0.57
0.71
0.62
0.03
0.36
0.09
0.71
0.43
0.05
0.04
0.24
0.08
0.3
0.38
0
0
0.13
0.36
0.71
0.92
0.29
0.08
1.4
2.71
3.92
4.93
5.84
9.92
14.8
17.9
16.9
17.1
21.7
18.2
9.79
11.2
3.9
5.35
5.85
7.82
12.2
11.1
15.8
15.9
16.0
15.9
18.7
17.7
14.9
17.9
17.4
17.1
20.5
19.4
17.8
20.1
18.6
18.5
19.7
20.1
20.5
19.8
22.9
20.4
20.7
21.3
11.9
20.1
14.8
20.2
21.4
19.9
21.8
21.2
20.4
20.7
20.8
17.7
19.1
19.7
20.3
19.2
18.7
16.7
17.9
18.2
19.0
22.4
17.7
15.4
11.6
9.45
10.6
8.36
11.8
10.1
10.2
10.2
8.09
9.04
7.33
4.31
6.1
5.47
5.5
0.05
0.03
3.94
0.85
0.64
1.11
2.89
1.57
0.9
1.02
1.22
1.14
1.34
0.63
0.02
0.02
2.81
1.22
1.86
2.07
1.9
1.87
1.73
0.9
2.09
1.59
2.13
2.08
1.42
1.7
2.26
2.17
2.09
1.97
1.25
2.04
2.24
1.01
2.6
2.03
2.25
2.23
1.73
1.8
1.69
0.41
1.44
1.61
1.95
1.83
1.91
3.05
1.44
0.54
0.01
3.1
1.32
0.92
2.11
3.91
4.79
2.99
5.52
4.66
4.8
2.97
4.89
5.72
5.8
0.78
7.68
3.14
4.05
3.4
2.35
2.85
5.1
4.47
3.29
3.41
4.67
2.28
13.6
11.5
10.5
11.7
13.9
18.1
15.7
18.4
17.6
16.4
14.0
9.43
7.9
9.01
9.42
8.45
5.36
8.97
3.21
2.26
5.37
6.14
12.1
14.5
12.4
11.1
9.81
12.1
10.5
9.21
11.9
10.7
10.4
10.5
12.4
12.0
9.6
9.99
9.94
9.15
12.1
12.6
14.1
12.4
13.9
13.4
12.1
14.6
11.0
10.8
17.2
13.7
10.9
13.7
13.2
14.6
13.0
13.0
12.5
11.3
11.4
11.6
8.52
10.4
10.7
10.4
10.8
12.1
11.8
10.3
11.8
13.6
9.25
19.1
8.75
10.7
10.4
7.59
4.22
16.1
4.07
6.34
8.15
6.55
7.93
7.99
7.53
7.43
8.62
6.58
8.47
11.5
12.0
7.91
13.4
13.9
14.5
14.8
13.1
14.1
12.1
13.4
14.5
5.93
15.1
15.7
13.9
14.9
12.9
14.3
14.4
13.3
15.8
14.1
14.5
13.7
13.6
13.7
13.0
15.0
13.6
15.8
15.1
15.0
15.1
14.9
14.4
14.5
15.2
15.4
13.3
16.4
13.1
17.2
14.8
14.7
16.2
14.5
15.9
14.0
15.0
10.8
11.4
14.2
15.2
14.8
13.5
1.34
9.88
0.71
9.57
4.22
4.03
4.95
5.83
9.66
1.6
14.9
13.3
13.2
14.3
15.7
15.3
15.3
15.0
14.8
14.6
15.7
14.3
15.8
16.3
14.8
15.6
15.2
14.9
15.2
14.7
13.7
15.7
14.9
14.4
14.4
14.7
14.3
10.1
10.7
18.7
15.2
15.5
15.2
14.7
14.0
15.8
14.4
13.3
14.3
13.8
15.6
14.7
14.2
14.8
14.9
15.4
13.7
15.6
15.1
15.5
10.5
17.8
15.7
14.6
14.4
15.1
15.2
15.7
16.5
8.57
15.4
14.4
14.0
16.0
14.9
13.8
3.63
0.68
20.9
9.79
10.8
10.8
8.12
14.0
12.6
14.2
13.5
15.1
15.2
13.0
15.2
11.7
15.5
16.1
14.9
13.4
15.7
15.3
15.4
10.7
17.2
14.9
16.1
12.9
15.4
14.4
14.5
13.9
14.9
14.9
16.5
15.5
15.1
15.5
15.7
15.4
5.94
1.47
17.0
1.73
2.92
3.68
5.87
7.65
11.9
7.78
11.4
8.57
6.85
11.5
10.6
13.8
14.4
11.8
13.1
9.75
6.6
10.2
8.69
13.7
15.0
12.2
14.9
14.7
15.7
15.9
15.0
15.0
7.15
20.5
15.5
15.2
12.9
16.0
15.3
12.8
14.2
14.8
14.4
14.4
14.1
5.0
16.5
2.28
0.01
16.6
4.12
5.55
6.33
6.66
5.38
4.09
2.73
1.7
3.46
1.34
1.99
1.69
1.98
2.37
1.19
0
3.82
0.67
2.03
0.69
0
0
0
0
0
0
5.0
11.1
7.65
6.01
11.3
9.76
9.88
9.61
10.7
10.3
13.1
11.5
14.8
12.5
11.8
11.4
13.0
11.7
13.2
12.0
12.4
6.29
5.65
15.0
14.5
6.84
14.4
17.5
8.25
5.54
7.05
14.1
15.1
15.3
11.6
2.19
11.2
6.2
10.8
4.7
1.31
7.62
7.94
5.84
1.3
5.58
3.78
3.04
4.24
7.55
4.63
1.72
4.91
3.22
2.66
3.45
6.07
8.61
3.87
4.09
5.6
2.53
2.01
14.1
5.47
4.77
7.39
10.5
13.9
10.5
9.0
13.3
4.59
8.21
5.33
7.01
9.66
8.97
8.11
10.1
9.98
8.47
7.6
8.6
10.3
9.98
12.1
10.4
11.5
11.0
12.1
10.4
10.7
10.0
8.05
10.3
11.5
13.2
10.5
11.7
11.7
10.8
9.04
6.82
8.17
10.4
11.7
15.3
15.3
13.6
13.5
10.8
10.5
10.5
10.9
5.21
6.94
5.83
9.68
11.8
12.0
8.57
13.8
13.1
4.86
10.6
5.9
3.4
4.63
9.65
12.5
13.7
5.13
11.0
10.5
12.8
7.51
11.0
13.3
15.9
14.2
13.9
13.3
10.5
10.5
13.4
6.79
11.2
14.7
14.5
13.4
8.35
14.8
12.2
9.43
12.3
8.18
12.1
11.2
10.2
15.4
12.8
14.9
14.9
9.01
16.1
9.4
8.55
6.77
11.2
11.2
11.5
5.39
5.78
4.7
7.13
4.39
5.77
8.69
8.48
3.9
10.1
0.53
12.4
6.82
3.76
3.89
4.44
0.48
0
8.17
1.74
3.95
9.17
4.8
6.44
8.98
1.22
7.28
3.26
3.72
2.06
5.5
5.42
4.12
2.92
4.46
4.42
3.68
0.62
0.37
0
0
6.41
8.75
0
1.36
0
0
0
0
0.01
17.2
2.13
2.61
1.93
3.04
3.29
3.2
2.98
4.39
5.99
6.03
5.31
8.94
14.3
12.7
11.9
13.4
10.1
2.31
4.86
2.57
0
0.11
12.9
0
2.04
2.32
0.83
0
0.99
0
0
1.26
0
1.72
0.44
0
0
0.01
8.18
1.71
1.22
2.33
1.35
1.64
1.8
2.88
2.84
1.47
2.01
2.57
1.94
3.29
3.14
2.0
2.68
3.35
2.19
2.17
1.99
2.75
2.46
2.04
2.42
2.42
2.62
1.59
1.09
4.05
1.69
2.2
1.86
1.7
2.7
1.55
2.59
2.04
2.22
0.98
0.49
2.07
0
0
0
0.17
13.1
2.17
4.21
5.78
5.23
4.39
4.77
2.68
2.4
6.56
7.17
5.04
7.33
8.59
5.91
6.63
8.23
2.2
7.28
5.59
9.03
4.66
5.78
6.59
5.85
5.57
4.31
6.49
6.35
7.07
5.99
1.23
0
0
7.13
9.66
10.8
11.6
10.4
10.8
9.59
9.42
7.6
7.92
9.1
8.02
8.91
9.12
11.3
10.3
10.4
11.9
12.4
12.8
12.1
12.5
11.8
11.8
12.7
10.0
13.4
12.3
12.5
12.2
11.5
12.0
12.7
11.6
12.3
11.6
9.42
12.6
12.8
13.9
11.8
13.3
12.3
13.4
12.7
13.2
13.8
13.7
12.4
17.2
17.3
16.4
18.1
16.9
16.0
16.1
13.6
17.2
14.8
14.1
13.8
15.5
14.4
16.5
14.7
1.79
10.5
10.5
12.9
12.8
10.9
10.3
9.99
10.3
10.4
9.37
10.0
13.2
11.4
14.5
12.1
13.5
13.5
5.72
9.98
2.5
5.12
6.03
8.11
8.01
8.97
5.16
9.99
9.77
3.71
0.27
16.0
6.27
4.5
4.67
4.51
3.92
6.72
4.96
4.57
3.67
3.55
2.98
1.29
2.62
2.51
2.38
2.61
2.31
3.22
4.21
3.73
4.55
4.72
4.97
4.18
4.76
5.38
4.77
3.8
4.31
4.01
3.05
3.16
4.16
4.53
4.31
5.06
4.85
4.47
5.08
4.77
4.43
3.98
3.81
3.78
4.07
5.16
4.89
4.92
4.51
4.38
4.42
4.25
4.68
3.21
5.04
4.86
4.02
4.12
3.61
4.46
3.62
5.74
5.76
4.9
4.12
4.55
4.19
5.1
4.91
5.36
7.38
6.68
6.91
5.18
4.47
6.36
9.3
8.81
11.6
7.42
7.03
6.96
5.44
6.23
7.04
7.91
6.9
6.44
5.61
5.11
4.93
1.61
0.23
5.5
3.34
4.42
3.6
4.7
4.27
4.97
5.99
7.74
8.43
3.95
2.75
2.36
1.81
8.12
7.28
6.91
6.3
6.4
5.2
7.06
5.81
5.83
12.1
2.75
10.0
4.85
6.36
4.94
6.42
9.08
5.8
6.51
4.85
6.75
8.95
10.9
9.14
10.0
12.6
14.3
12.0
11.4
12.4
14.6
11.7
13.7
12.5
17.3
15.5
12.3
10.9
9.92
13.4
10.2
10.6
9.27
6.94
12.3
11.9
14.2
13.7
10.6
9.22
9.15
12.0
13.0
10.9
10.5
9.63
13.3
12.5
10.7
10.9
11.5
12.3
12.3
14.2
13.5
15.6
10.7
10.8
12.7
13.3
12.9
